WhiteMatter	GlobalSignal	stdDVARS	non-stdDVARS	vx-wisestdDVARS	FramewiseDisplacement	tCompCor00	tCompCor01	tCompCor02	tCompCor03	tCompCor04	tCompCor05	aCompCor00	aCompCor01	aCompCor02	aCompCor03	aCompCor04	aCompCor05	Cosine00	Cosine01	Cosine02	Cosine03	NonSteadyStateOutlier00	X	Y	Z	RotX	RotY	RotZ
-0.33580049578607163	2.5147559540157016	n/a	n/a	n/a	n/a	0.0	0.0	0.0	0.0	0.0	0.0	0.0	0.0	0.0	0.0	0.0	0.0	0.0	0.0	0.0	0.0	1.0	0.0	0.00313612	0.0	0.0	-0.0	0.0
-0.10969318818091978	1.5693772186293256	1.31151009	21.70155144	1.23859131	0.04929433	-0.0423324067	-0.038341062999999995	-0.0805052807	0.0202328137	-0.0686862546	0.10642585789999999	-0.0245265207	0.0720845063	-0.10371361039999999	0.041019462400000005	-0.018464681200000003	0.026035733199999998	0.0625608291	0.0625599424	0.06255846450000001	0.0625563955	0.0	-0.00562602	-0.008363739999999998	-0.0182294	0.000278781	-0.0	0.0
0.3928470250821166	1.8564386338292345	1.4940449	24.72195435	1.18087924	0.04165858	0.0627028312	-0.0189963072	-0.0692183576	0.0165586764	-0.0531180618	0.006728061600000001	0.07354342900000001	0.023326422799999996	-0.0917571411	0.0057894299	-0.0503009003	-0.0092028401	0.06255846450000001	0.0625504842	0.0625371844	0.0625185663	0.0	-0.00510541	-0.0121495	-0.0461898	9.09448e-05	-0.0	0.0
0.2207911948192863	1.4124911187386429	1.62096846	26.82215691	1.08431017	0.06910462000000002	-0.0044318859	0.07034450440000001	-0.0551259946	-0.0608400463	0.0391955953	0.0102404952	-0.0170102569	-0.0619218016	-0.0573313263	-0.0330931171	-0.0388368382	-0.08919591119999999	0.0625537354	0.0625315692	0.06249463139999999	0.062442930599999995	0.0	0.0	-0.0319269	-0.0796926	0.000305325	-0.0	0.0
0.15654611610373256	1.2385614288373654	2.23871303	37.04397202	1.13963473	0.100816896974	-0.0107443166	-0.05814135769999999	-0.04939534860000001	-0.0127776388	0.0907372128	-0.0786920079	-0.00038803910000000005	0.0645879349	-0.0275732796	-0.0618766124	-0.0783694608	-0.0510754654	0.0625466419	0.0625032003	0.06243082	0.062329534400000004	0.0	9.96974e-07	0.00414915	-0.0587769	0.000331321	0.000610055	-0.000240432
0.0062826370431389176	0.4601305712559326	1.39574528	23.09539032	1.06406355	0.039043215074	0.0417637257	0.030529809900000003	-0.041781459300000004	0.0543635081	0.0996813392	-0.0327886248	0.0329107808	-0.038983800299999996	-0.0099099432	-0.0647243085	-0.0368070181	0.0374778288	0.0625371844	0.0624653818	0.0623457718	0.062178446	0.0	-1.30981e-05	0.00659457	-0.0855297	0.000318848	0.000633985	-0.000400647
-0.24832323344411014	-0.11181393044114883	1.64891005	27.28450584	1.0780586	0.0456524816	-0.0779325079	-0.0046316482	-0.0231754979	0.0494990522	0.0186789508	-0.085677647	-0.0807059535	0.013269976299999998	0.0035606428000000004	-0.0737912054	-0.0031964486	0.0527671301	0.0625253631	0.0624181193	0.0622395159	0.061989757	0.0	1.9535e-06	0.0322784	-0.09548690000000003	0.000234654	0.000633985	-0.000284913
-0.3147015071007162	-0.2146838862303717	1.70153439	28.15528107	1.09201491	0.0951361516	0.0524653012	-0.0399515287	-0.017652861399999997	-0.0393923683	-0.043728391299999995	-0.0658945517	0.0497122004	0.0180864827	0.024725234500000002	-0.0636380927	0.0137659819	-0.0348831503	0.06251117860000001	0.062361420099999995	0.0621120884	0.061763581399999996	0.0	-1.30981e-05	0.0428272	-0.040934	-0.00025	0.000633985	-0.000400647
-0.1678677136764051	-0.3133152814044592	1.48853397	24.63076401	1.00672209	0.08231472860000001	0.028229502000000004	0.0408204574	-0.0019788767000000003	-0.0181559183	0.063747843	-0.014861292199999999	0.008053461500000001	-0.057574855	0.0177980882	-0.0445754913	0.0207739075	-0.0141463783	0.06249463139999999	0.0622952927	0.0619635325	0.061500055899999996	0.0	-2.04767e-05	0.0309815	-0.076445	0.0	0.000184972	-0.000400647
-0.5892464577670038	-0.5839797095019695	1.55293798	25.69645691	1.13542676	0.1301813596	-0.0730202059	-0.0087646898	-0.0041744398	0.031430947599999995	0.058967793899999996	-0.0847247968	-0.06802325969999999	0.0200270687	0.054086366600000005	-0.0974767498	0.0052518682	0.0287769377	0.062475722000000004	0.0622197471	0.0617938989	0.06119934	0.0	-2.81363e-05	-0.0454412	-0.0933601	0.000690509	0.000231181	-0.000400647
-0.591958837787639	-0.3436628842283379	1.7889837	29.60230446	1.18899202	0.15499697899999998	0.024728760099999997	-0.042290664299999996	0.0009762203	-0.0558608595	0.0527367679	-0.08674777199999999	0.0288315309	0.029946831400000002	0.0666849486	-0.0666924985	0.0021988529	-0.0494130701	0.0624544513	0.062134794800000004	0.061603245300000005	0.0608616155	0.0	-1.69073e-05	-0.00974987	-0.00695813	0.000414655	0.000386873	-0.000174344
-0.2897010747835559	-0.7972048576504207	1.62126303	26.82703209	1.16970456	0.132322669	0.0391728799	0.0290216252	0.0133971173	0.028397262599999997	0.0504618866	-0.0100345765	0.0293000408	-0.0389294375	0.0448287088	-0.0183698261	0.0123143331	0.0544079832	0.06243082	0.0620404485	0.061391636500000006	0.060487086600000003	0.0	-2.81363e-05	0.0510963	-0.0385909	0.0	0.000231181	-0.000400647
-0.25999349570950925	-1.3234511378801832	1.53946185	25.47346687	1.03984547	0.0554324663	-0.0714969955	0.0072164607999999995	0.031826508999999996	0.05620818440000001	0.0392025139	-0.038445561600000004	-0.07571212969999999	0.004189559099999999	0.058438141	-0.0315803195	0.0135950346	0.073005498	0.062404828899999994	0.0619367225	0.061159144400000004	0.0600759799	0.0	0.00235673	0.0280426	-0.0591639	0.0	0.000231181	-0.000212229
-0.08308011893512524	-1.207531456440682	1.67941701	27.78930473	1.06901801	0.07948676629999998	0.0313223204	-0.0458119397	0.0548709242	-0.0605980173	-0.0308667318	-0.0556579046	0.0422371822	0.037757288	0.0621853157	0.0093387062	0.0168273199	-0.033213827200000004	0.0623764792	0.0618236326	0.0609058482	0.059628543799999996	0.0	-2.81363e-05	0.0510927	-0.0236871	-0.000183082	0.000231181	-0.000400647
-0.08627592083110489	-1.3322801524264465	1.27737474	21.13671303	0.95913601	0.04993295	0.0310667448	0.0170119154	0.07080851490000001	0.0001419607	0.0405033919	-0.0283862037	0.0243476881	-0.0404826432	0.0713504645	0.0070268993	-0.0266160174	0.011567101299999999	0.0623457718	0.0617011957	0.060631834100000004	0.059145049000000005	0.0	-2.81363e-05	0.0282908	-0.0365336	0.000102609	0.000231181	-0.000400647
-0.009638053040491451	-1.5745361658679151	1.27618098	21.11696053	0.98132628	0.0328372019	-0.04748316650000001	0.0370040529	0.06797831230000001	0.0489949809	0.0080016123	-0.0594572557	-0.061456638	-0.0331290869	0.0647692203	0.027155947799999997	-0.010223779300000001	0.049676878099999995	0.062312708	0.0615694305	0.0603371952	0.058625787900000004	0.0	-1.27844e-05	0.0303971	-0.0382127	-0.000204865	0.000231181	-0.000127392
0.02680673883483869	-1.6198854733423032	1.70540583	28.21934128	1.04413283	0.0520790656	-0.0140085899	-0.057276794400000004	0.0730829312	-0.0648085862	0.0537120838	-0.015711236899999998	0.0015089456	0.050603882999999995	0.0846737808	0.0553530435	-0.0317537709	-0.0390101259	0.0622772889	0.0614283569	0.0600220318	0.058071074400000006	0.0	-1.17618e-05	0.0282789	-0.000653742	-0.000145235	9.83112e-05	-7.18741e-05
0.050076366269046435	-1.6739404546168275	1.39500391	23.08312225	0.9745298	0.0433696607	0.039731931	-0.006437110699999999	0.0865421685	0.0572996063	-0.0018144407	-0.0409817742	0.0369858548	-0.0176000493	0.09033656849999999	0.050063612599999995	-0.0518679542	0.053480756100000006	0.0622395159	0.0612779961	0.059686450999999995	0.0574812441	0.0	-1.44745e-05	0.00856333	-0.0175707	-6.12805e-05	0.000141934	-6.4763e-05
-0.06575673256456803	-1.7088143425463267	1.33847833	22.14779472	0.96089065	0.0491783045	-0.007488826999999999	0.0522836685	0.0958787684	-0.0468507394	0.0064993441	-0.04830284	-0.0285687256	-0.059139462999999996	0.09148685699999999	0.0365926421	-0.0399904626	-0.0399601118	0.0621993905	0.061118370899999996	0.0593305671	0.05685665349999999	0.0	0.00330911	-0.016998	-0.0243684	7.45986e-05	6.08908e-05	-1.17715e-05
0.0397636739326708	-1.6522512739395128	1.57776034	26.10719299	1.03199697	0.061908295	-0.0490162012	-0.0425847505	0.08664222140000001	0.0088488453	0.0796668375	0.023643851299999998	-0.0326098409	0.0486268551	0.0847100024	0.0366200889	-0.0373593033	0.0088168548	0.0621569141	0.0609495054	0.058954501	0.0561976805	0.0	0.0135984	0.0184936	-0.0243662	0.0	0.000297446	-2.31218e-05
0.003725877970843394	-1.4956992472675728	1.43145621	23.68629837	1.01446354	0.039003228400000006	0.043514401200000004	-0.0264316022	0.0783852956	0.0233195498	-0.0560847527	-0.0480204681	0.049691213899999996	0.0055913435	0.07419374620000001	0.0374538544	-0.0159954646	0.032650746800000005	0.0621120884	0.0607714253	0.058558380800000004	0.0555047235	0.0	-2.57484e-05	-0.0012253	-0.0243653	0.0	0.000403257	-3.04964e-05
0.021416970431215376	-1.513828166433198	1.28303921	21.23044395	0.95259851	0.0271652834	0.0097444852	0.0485686995	0.0661515636	-0.0403338772	-0.0043824489000000005	-0.0308014771	-0.0093167291	-0.0609164397	0.060849563899999994	0.0248521915	-0.017185128799999998	-0.04795958	0.062064915	0.060584157300000004	0.0581423411	0.0547782016	0.0	0.0148545	0.00633113	-0.0243662	8.27181e-25	0.000322027	-1.71723e-05
-0.05469112763566239	-1.4430624272210268	1.48521245	24.57580376	1.02825367	0.055427625	-0.07202846610000001	-0.0207084737	0.062845022	0.0351983651	0.062334775599999996	0.009578086	-0.0629086311	0.0328945745	0.0527471816	0.0291986664	-0.0265658077	0.0471074729	0.0620153957	0.060387729800000005	0.057706523499999995	0.054018554	0.0	0.00545593	0.0314837	-0.0243519	-0.00025	0.000322027	-0.000184416
0.04626362781694718	-1.2640222799443388	1.47066343	24.33506012	1.01192093	0.020378005	0.0400917266	-0.0354127421	0.0494183428	-0.0261874648	-0.043050515	-0.0569694817	0.042762650199999995	0.022350478700000002	0.0542132143	0.0116130075	-0.0153088876	-0.036932999700000003	0.0619635325	0.0601821725	0.0572510763	0.0532262402	0.0	0.0035645	0.0314728	-0.016679099999999995	-0.000236223	0.000322027	1.78645e-05
0.06740773367210877	-1.234800302229618	1.22585011	20.28413582	0.93213516	0.034527300000000004	0.0260294696	0.0292948981	0.06311665150000001	-0.0038119532	0.0406386876	-0.0020545512	0.025246752400000003	-0.0453708628	0.0602540613	0.0233933165	-0.0219469504	0.005453319599999999	0.061909327300000004	0.059967516500000005	0.0567761542	0.0524017393	0.0	0.00381119	0.0101646	-0.0243551	-0.000309407	0.000322027	5.06087e-05
-0.0817507811020726	-1.2049342979987845	1.39770317	23.12778664	1.00595951	0.03967957	-0.0746384482	0.0106693074	0.0634755388	0.034637881	0.0049579845	-0.020140669	-0.07259136690000001	0.0029910861	0.05963099	0.0227424435	0.0262008383	0.039549486200000004	0.061852782	0.0597437942	0.05628191900000001	0.0515455499	0.0	0.0052129	0.0290868	-0.0243662	1.65436e-24	0.000322027	-2.68755e-05
-0.02457256213166145	-0.887089812464482	1.74137759	28.81456757	1.07334769	0.051064315	0.0291427566	-0.0547427416	0.0396933476	-0.0892228066	-0.0280364836	-0.031165567999999998	0.0409118642	0.040539908300000004	0.0512271801	-0.0021985089	0.017687063	-0.0659654892	0.0617938989	0.0595110395	0.0557685387	0.0506581898	0.0	0.0125004	0.0115368	-0.0120049	-0.000206684	0.000322027	-9.75018e-05
0.0280246590684026	-0.7739401435425821	1.35364735	22.39879608	0.9601776	0.033319049999999996	0.0363582514	0.0361954727	0.037109113900000004	0.0083607725	0.0393022994	-0.013317910300000001	0.027439056899999998	-0.051043899000000004	0.045297770099999995	-0.010562213300000001	-0.013415896	0.0112759077	0.061732680199999994	0.0592692876	0.055236188	0.0497401955	0.0	0.0160876	0.0115373	-0.0310521	-6.61211e-05	0.000254338	-9.207070000000003e-05
-0.030081729167904026	-0.946523664359858	1.41907609	23.48144531	1.01864016	0.04905976500000001	-0.0669762168	-0.0059775774	0.0337966948	0.0388707968	0.0458377982	-0.040020799100000004	-0.0645126192	0.0224007985	0.0451744517	-0.00038465309999999997	-0.0175357004	0.0472092183	0.061669128200000006	0.0590185749	0.0546850479	0.048792122199999996	0.0	0.00526755	0.0115389	-0.0506787	0.000175578	0.000322027	-2.92285e-05
-0.07324040608583995	-1.0293530797007886	1.47443509	24.39747047	1.03574967	0.083308135	0.0457833548	-0.0336302322	0.0359034879	-0.0152946277	-0.0521837641	-0.0684923863	0.051882095499999996	0.0135489302	0.054163706900000004	0.008193615999999999	0.0026591990999999997	-0.0063381953	0.061603245300000005	0.0587589394	0.054115305999999995	0.047814543200000004	0.0	0.0155501	0.0230173	-0.0146231	-0.000290955	0.000322027	1.40702e-05
0.09956004806719844	-0.9999913999223908	1.36829901	22.64123726	0.95401168	0.0453599	0.0231640442	0.0480634259	0.0395654882	-0.0399773197	0.0274301775	-0.0066212306999999995	0.0037200006	-0.0615404986	0.0396563192	0.0057852351	-0.0211302652	-0.017190567	0.061535034	0.0584904204	0.053527156	0.0468080497	0.0	0.00650098	0.0278655	-0.0321995	-0.000351747	0.000196307	-7.71414e-05
-0.014216589455032682	-1.0966842892595177	1.39859176	23.14249039	0.98642069	0.03298753	-0.07747227870000001	-0.0025041106	0.0354358595	0.0242776562	0.0139405731	-0.0092699466	-0.07379106349999999	0.0168759179	0.0431137813	0.0200369988	0.017913178000000002	0.0317018858	0.0614644968	0.058213058399999996	0.052920797900000004	0.045773250300000005	0.0	0.0147618	0.0340041	-0.0318091	-0.00046337	0.000322027	4.94698e-05
-0.2984109480536397	-0.9704213464254636	1.57178628	26.00834084	1.01280499	0.046505705	0.0336153252	-0.047556912699999995	0.0293033108	-0.07009093179999999	-0.031201316200000002	-0.033310469599999996	0.0414389257	0.0345229841	0.050756152699999994	-0.006184973199999999	0.028968524300000003	-0.0629601186	0.061391636500000006	0.0579268955	0.0522964382	0.0447107708	0.0	0.00567696	0.0340056	-0.00951903	-0.00046337	0.0001067	-3.77891e-05
0.0021893685207396707	-0.7599468377916471	1.22150898	20.21230316	0.93704784	0.028374705	0.0387240231	0.022253102	0.0306220372	0.0571841192	0.025560042400000003	0.018544779299999998	0.0355619027	-0.035429249100000004	0.0241699292	0.011355144	0.0119142891	0.0625515021	0.0613164557	0.0576319747	0.051654289000000006	0.0436212537	0.0	0.00295423	0.0258212	-0.0149441	-0.00046337	0.00016749899999999996	0.000142262
-0.011940975791818105	-0.5961643911078991	1.28395104	21.24553108	0.95192897	0.026082725	-0.0492521159	0.0494796653	0.026739658	-0.001207767	-0.0328734936	-0.0305500059	-0.059855606	-0.033523336800000005	0.0213825093	-0.004097235	0.0216555898	-0.0104741162	0.0612389574	0.0573283408	0.050994569000000003	0.0425053579	0.0	0.00376342	0.0164853	-0.0249882	-0.00046337	7.54023e-05	0.000116488
0.1353762395079512	-0.3191961706089048	1.56928003	25.96686935	1.02092648	0.032791615	0.0031599995000000003	-0.0715940862	0.0099830886	-0.0650018269	0.0127138168	0.021548059300000002	0.0162549504	0.062495807599999995	0.0125138492	-0.0212310696	0.0131882486	-0.0666961093	0.061159144400000004	0.0570160396	0.050317502400000005	0.0413637581	0.0	0.00393405	0.0120139	-0.0390423	-0.000249276	0.000127679	0.000100949
0.2354485582043893	0.02132363629403577	1.36401427	22.5703373	0.99067062	0.0415956	0.052859654299999996	0.0128893832	0.0037043625	0.0618498589	0.0218718819	-0.0354728247	0.0438090684	-0.0213480565	0.0007616332	-0.0134999249	-0.0215189858	0.042158995	0.06107701980000001	0.0566951184	0.049623319699999995	0.0401971447	0.0	0.017472	0.0164815	-0.042674	-0.000382874	-0.000105878	0.000132961
0.16689104942656482	-0.059262163905357323	1.347404	22.29548836	0.96494347	0.06979744500000001	-0.0424971436	0.059341169699999995	-0.0106695445	-0.029659449100000002	0.022453050099999997	-0.0697345712	-0.0585942863	-0.0417522775	0.0018847288	-0.042699016299999996	-0.0423192799	-0.0478469577	0.0609925867	0.056365625700000005	0.048912256900000006	0.039006223199999995	0.0	0.0147864	0.00628106	-0.0643571	-0.000229049	0.000257354	-5.45481e-05
0.26422397749643	0.03695254144556759	1.78443563	29.52704811	1.03461695	0.04990834	0.0060161458999999995	-0.06318078490000001	-0.01387796	-0.06873615059999999	0.0834955835	-0.0459460103	0.017906629099999998	0.0548557733	0.0113296254	-0.0392884867	-0.08882805380000001	-0.0768249558	0.0609058482	0.0560276113	0.048184555899999995	0.0377917138	0.0	0.0122395	0.0164809	-0.0433172	-0.00046337	0.000345467	-5.45481e-05
0.1785088288287745	-0.21058281297959192	1.26541376	20.93879509	0.96786433	0.0533948854	0.0416169301	0.0185281481	-0.0031221122	0.06723733230000001	0.0653106536	-0.0430568933	0.038980461800000005	-0.0255899302	0.0158057916	-0.0025007378	-0.0721253183	0.0477834702	0.060816807699999996	0.0556811262	0.0474404643	0.0365543509	0.0	-1.09354e-05	0.0519339	-0.0437403	-0.00046337	0.0002401	-5.45481e-05
0.14595473971408182	-0.2601519609913964	1.3589499	22.48653793	0.98325109	0.016704121299999992	-0.0494071882	0.0367388348	0.0027638766	0.0165925825	0.012015120800000001	-0.0684755645	-0.0590961242	-0.022898700600000002	0.0052275737	0.0002885755	-0.0515561884	0.0247787451	0.0607254685	0.0553262229	0.046680235099999995	0.035294882799999996	0.0	1.00309e-05	0.0519323	-0.0472091	-0.00046337	0.000134213	0.00010382
0.04709512005719427	-0.2328609452015461	1.63427103	27.04227448	1.03025472	0.0697734506	-0.0031134892999999998	-0.0647269095	-0.0025622122	-0.0413228371	0.0471447274	-0.023639292200000002	0.0101294598	0.0584002766	0.0191935716	0.0021515504	-0.047026849	-0.0316135906	0.060631834100000004	0.054962955099999995	0.045904127	0.034014071	0.0	-1.15147e-05	0.0334743	-0.0145742	-0.000518314	0.000294081	-5.45481e-05
0.06458670507686845	-0.3709835991522834	1.34001374	22.17320061	0.95722097	0.05379656487000001	0.0472773133	-0.001023132	0.0181950904	0.0642844427	0.0149954446	-0.043924116500000006	0.0453979123	-0.011870740800000001	0.0262815983	0.0027626759000000003	-0.0417906762	0.0480116924	0.060535908	0.0545913776	0.045112404	0.0327126902	0.0	-7.94983e-06	0.0118213	-0.0287463	-0.00029024	0.000162797	-5.45481e-05
0.07844111598756888	-0.41279117990767866	1.3423208	22.21137619	0.95028102	0.05629376476999999	-0.0194589849	0.06592470610000001	0.0220841027	-0.0518668205	0.0099767855	-0.0258215452	-0.0362442163	-0.0603076269	0.0175033586	-0.0104478723	-0.024535328500000002	-0.0485203228	0.0604376938	0.0542115466	0.0443053354	0.031391527200000005	0.0	-1.15146e-05	-0.0142957	-0.0472279	-0.000187692	0.000294081	-5.45481e-05
-0.1438522224876377	-0.28757181148783595	1.58923113	26.29699898	1.04248488	0.0501515446	-0.0328773272	-0.062092439000000006	0.015211717	-0.0358495982	0.0592733967	0.0462037139	-0.0156545511	0.07198092240000001	0.0268376398	-0.0147520271	0.0036186943	-0.0455822057	0.0603371952	0.0538235196	0.043483195700000005	0.0300513812	0.0	0.00418633	0.0186172	-0.043908	-0.000312576	0.000224547	-5.45481e-05
-0.0015457132914444005	-0.1526057094892278	1.37694585	22.78431702	0.98589098	0.02026987	0.0425369471	-0.0069271992	0.0098006708	0.052946543799999995	-0.0288369479	-0.0575983729	0.045680112599999996	-0.0063849562	0.0190611799	-0.0046991009	-0.0061995661	0.0363723803	0.0602344161	0.0534273552	0.0426462645	0.0286930623	0.0	0.0131171	0.0186186	-0.0499556	-0.000348844	0.000294081	-5.45481e-05
-0.0877826506501031	-0.2335580879021937	1.26326048	20.90316582	0.93040627	0.031704285000000006	-0.0074246262	0.0629739883	0.0111703331	-0.062010261799999994	0.0200586765	-0.0354880216	-0.0179917199	-0.0601675879	0.0257453663	-0.024259669100000002	-0.0198384974	-0.081417565	0.060129360300000004	0.053023113399999995	0.0417948267	0.027317392200000002	0.0	0.00418337	0.0237083	-0.0542694	-8.15029e-05	0.000294081	-5.45481e-05
0.03268546716442644	-0.2346020034833779	1.4263283	23.60144806	1.00029993	0.041233295	-0.06381925570000001	-0.0359322995	0.0068099989	0.0205087749	0.0376080534	0.0022538907	-0.048482667699999996	0.045593719500000005	0.0017375507	-0.0180194742	0.0061935691	0.011072346299999999	0.0600220318	0.0526108551	0.040929171800000004	0.0259252026	0.0	0.00523941	0.0377303	-0.0472075	-0.00046337	0.000294081	-5.45481e-05
-0.20381126640785005	-0.04133934790736327	1.41617012	23.43335915	0.98889619	0.032617539999999993	0.049181199	-0.0416848919	0.0022560706	-0.0271717338	-0.0372852921	-0.0363065919	0.0572028762	0.0198974251	0.0154567781	-0.0280134237	0.0351150492	-0.025784238199999997	0.0599124346	0.0521906429	0.040049594300000005	0.0245173354	0.0	0.0117721	0.0411874	-0.0274543	-0.000520861	0.000294081	-5.45481e-05
0.1107775910972974	0.06730325303351302	1.19713569	19.80899811	0.93411809	0.06887817195999998	0.0340983694	0.0369508537	-0.0006034484	0.039460920499999996	0.0334775398	0.0157769182	0.026142008900000003	-0.042736467300000004	-0.0028721227	-0.019233046299999997	0.008894781800000001	0.0482376853	0.0598005729	0.0517625401	0.0391563933	0.0230946421	0.0	-9.73696e-06	0.0133556	-0.0422276	-0.00046337	6.17473e-05	-5.45481e-05
-0.10354312311751948	0.07957657637798021	1.22976434	20.34890366	0.95197225	0.008003401140000001	-0.0448489654	0.0542855654	-0.010674301	-0.0402601093	-0.022290686	-0.0274615864	-0.052179366	-0.0378069243	0.0020696294	-0.052096215	0.025821986800000002	-0.0405833948	0.059686450999999995	0.0513266115	0.0382498728	0.0216579829	0.0	-1.49031e-05	0.0133556	-0.0472087	-0.00046337	0.00012209	-5.45481e-05
-0.02287673969950932	0.371810320782643	1.53987777	25.48035049	1.02186334	0.04383139309999999	-0.0246283856	-0.0695974283	-0.0299512004	-0.0315900319	0.012699883600000001	0.0333374237	-0.0062029927	0.0667998675	-0.0163985886	-0.0597760268	0.015023104099999999	-0.0370515857	0.059570073099999996	0.050882923	0.037330341	0.020208226699999998	0.0	0.00392599	0.0383356	-0.0503943	-0.00046337	0.000206821	9.52189e-05
0.0911150596591246	0.6894695613815082	1.30539012	21.60028458	0.97876036	0.058789189999999984	0.051131454800000004	-0.0029924172	-0.0347346265	0.0647684638	-0.0197949352	-0.048152304400000005	0.057138937800000004	-0.007471606800000001	-0.0151036093	-0.0657280272	-0.013664468600000002	0.0354339957	0.0594514436	0.0504315418	0.0363981108	0.0187462501	0.0	0.00371685	0.0251342	-0.0678603	-0.00014214400000000003	0.000294081	-5.45481e-05
0.15286660303662594	0.5853263609875813	1.32786834	21.97223091	0.94693673	0.02117795	-0.0098798368	0.069000598	-0.04074057	-0.0640632931	0.0122560357	-0.0370848368	-0.023161870299999998	-0.0641014842	-0.0282175927	-0.0639388955	-0.0394993419	-0.0736247209	0.0593305671	0.049972536	0.0354534992	0.0172729372	0.0	0.0117724	0.0283291	-0.0638865	-0.000261218	0.000294081	-5.45481e-05
0.12986585098116396	0.548408631866759	1.67684627	27.74676704	1.04140687	0.05822529	-0.0515997241	-0.046675013	-0.037476844	0.0373754179	0.0965422111	0.0205216917	-0.027419043799999997	0.057521771500000006	-0.025447304900000002	-0.0512063808	-0.0455020795	0.0237560183	0.059207447999999996	0.049505975	0.0344968277	0.0157891789	0.0	0.00510801	0.0580965	-0.0482865	-0.000385088	0.000294081	-5.45481e-05
0.3553516161753617	0.4640355087209861	1.34511411	22.25759697	1.00928342	0.0440458245	0.051709527000000005	-0.0175345612	-0.0270373327	0.0284102804	-0.0338085035	-0.0407961907	0.0538115043	0.0067147907	-0.029216146600000003	-0.0223327688	-0.0349095996	0.031694926	0.059082091100000005	0.04903192940000001	0.033528421600000004	0.0142958727	0.0	-1.15145e-05	0.0427191	-0.0388906	-0.000668148	0.000294081	-5.45481e-05
0.10374603066007336	0.14678128058335171	1.24667513	20.62872696	0.95147812	0.019657550000000006	0.018710623	0.046308040999999994	0.000153057	-0.0327042578	0.044238697699999996	-0.0064891365	0.0064293389000000005	-0.0546375537	0.0003185608	-0.0248722017	-0.030804124300000003	-0.0042209237	0.058954501	0.0485504708	0.0325486104	0.012793921299999999	0.0	-1.15145e-05	0.0385962	-0.0441863	-0.00046337	0.000294082	-5.45481e-05
-0.033380650774488124	0.026875216932415458	1.38275647	22.88046455	0.99597353	0.027650139500000007	-0.0775155169	-0.0017685148000000002	-0.0016329826999999999	0.0387062954	-0.0104134503	-0.0362728988	-0.0745509997	0.0193119352	0.0007320378999999999	-0.0289119429	-0.0029139089	0.0405484591	0.0588246827	0.0480616721	0.0315577273	0.0112842332	0.0	0.00376232	0.0367372	-0.0497398	-0.00046337	0.000100044	8.069e-05
-0.05970396905233005	0.2658631961758846	1.64003813	27.13770294	1.03334117	0.035737065	0.052693923899999995	-0.0447395395	-0.0019701565	-0.068968919	-0.0433746358	-0.0369440492	0.0546527053	0.0380107677	0.0032641996000000004	-0.040050340499999997	0.009903585	-0.0352554388	0.058692640899999995	0.0475656071	0.030556109300000002	0.0097677213	0.0	0.00497148	0.0198271	-0.0440617	-0.00046337	0.0002036	-5.45481e-05
-0.2320744072026069	0.18449534382542496	1.42385805	23.56057167	0.99232751	0.030903549999999995	0.0220785808	0.0448679424	-0.0128935071	0.038939487	0.0502642039	0.035878959	0.018861881299999998	-0.049119146100000004	0.0005601477999999999	-0.045317801500000005	0.0147663096	0.019947299499999998	0.058558380800000004	0.0470623508	0.0295440973	0.0082453026	0.0	0.00381228	0.0222078	-0.060853	-0.000342405	0.000294082	-5.45481e-05
-0.3007239963371824	0.6234916942537161	1.69878042	28.10971069	1.30415463	0.07526143450000002	-0.0529078029	0.0105922451	-0.061625445099999995	0.0252218156	-0.0488210588	-0.009011288000000001	-0.057897711799999994	0.0080013662	-0.037488803	-0.0569100749	0.057840614699999994	0.1198928581	0.058421907300000006	0.046551979400000006	0.028522035499999997	0.0067178978	0.0	-1.15145e-05	0.0222093	0.00453489	-0.00046337	0.000294082	-5.45481e-05
0.4570322736138246	0.6488218518772245	1.9763006	32.70183563	1.70478773	0.2597159645	0.0187223673	-0.048278811799999995	-0.0666738818	0.025567057799999997	-0.0974338711	0.12736983400000002	0.0355440126	0.0590468759	-0.12024673820000001	0.09431999210000001	0.10351877400000001	0.05822761	0.0582832257	0.0460345699	0.0274902715	0.0051864306	0.0	0.00783639	0.171152	0.077783	-0.000405564	-0.000155929	3.11799e-05
0.4371545803395901	0.4512629549171148	1.94249094	32.14238739	2.12115288	0.375544735	0.055002874800000004	0.006222514300000001	-0.0629257868	-0.0525076837	-0.0793105514	0.1145509448	0.0479743662	-0.010866913300000001	-0.114725622	0.1369344208	0.0782503319	-0.0327693691	0.0581423411	0.045510200599999995	0.0264491563	0.0036518269	0.0	-0.010583	0.055099	0.0323298	0.00205863	0.000562284	-0.000698796
0.6087426431230653	0.1002254149221321	1.51605022	25.08607483	1.3257978	0.15464422	0.0338990784	0.0627118032	-0.058782456	-0.006707706	-0.0862454516	0.1978187582	0.022186334900000004	-0.050363852300000005	-0.1451511911	0.1571440915	0.0839104435	0.0309389235	0.057999259000000004	0.0449789509	0.0253990441	0.002115015	0.0	-0.00696598	-0.0418488	0.0722594	0.00191914	0.000418778	-0.000698796
0.7231564774525808	0.27886601429634506	1.82421732	30.18531609	1.4818275	0.216390745	-0.0497643612	0.0409434333	-0.042239034800000005	-0.0549970025	-0.13943778269999998	0.197707945	-0.0560844178	-0.0241934125	-0.1476338642	0.1666975852	0.1194250385	-0.0981060486	0.0578539846	0.0444409009	0.024340292000000003	0.000576924	0.0	-0.019773	0.089946	0.0233413	0.00184172	3.87815e-05	-0.000698796
0.7916068668158774	1.2901960146102294	1.55530322	25.7355957	1.2871604	0.147491	-0.024106778399999997	-0.052507940700000005	-0.0800567219	0.017232003	-0.1086057409	0.190453355	-0.0017159239000000001	0.0766682117	-0.18334448890000002	0.16642517869999998	0.09457647429999999	-0.0458825744	0.057706523499999995	0.043896132000000004	0.0232732602	-0.0009615158	0.0	-0.0266106	-0.0326045	0.0202914	0.00158508	8.32015e-05	-0.000698796
0.8009339934985737	1.7794856667885233	1.93941343	32.091465	1.61577475	0.131491075	0.0552236072	-0.016405506599999998	-0.1274353785	0.0230883744	-0.11851755779999999	0.1390166841	0.06613870200000001	0.030512535	-0.1933655377	0.0818197454	0.1053461785	0.0381386009	0.0575568813	0.0433447267	0.022198311800000002	-0.0024993742	0.0	-0.0203219	-0.0612728	0.0933243	0.00133135	-4.2651e-05	-0.000608355
0.5005565121228877	1.02698742389245	1.37466693	22.74660683	1.18488169	0.11885354	0.0382787209	0.0561045369	-0.11836825849999999	-0.0018395637	-0.0892557294	0.1003977594	0.022717775099999997	-0.0410097326	-0.17360370039999998	0.0782220656	0.0500804296	0.0312835292	0.0574050637	0.042786768200000005	0.0211158122	-0.0040357212	0.0	-0.0202887	0.00393379	0.0690933	0.0015284	-0.000255579	-0.000430678
1.3885144071461264	1.1409842461271544	1.56973124	25.97433472	1.32974601	0.12238242	-0.0312611665	0.049077597599999995	-0.0965890128	0.0124524045	-0.07269088509999999	0.0810398555	-0.045592536100000004	-0.0165490312	-0.1993681047	0.1722172525	-0.046528724199999996	-0.04326255019999999	0.0572510763	0.042222341	0.0200261298	-0.0055696276	0.0	-0.00804784	0.0499357	0.0221593	0.00138263	-0.00010137600000000003	-0.000386538
0.9016818758169318	0.7555867041569274	1.27444553	21.08824348	1.06244862	0.12340705999999997	-0.0554440268	-0.0161323777	-0.07840314429999999	0.0067762435	-0.08525663509999999	0.10551598150000001	-0.0525331342	0.0431476143	-0.1531760585	0.1246392578	-0.005525771800000001	0.0045358138	0.0570949249	0.041651530299999996	0.0189296353	-0.007100166	0.0	-0.0112002	-0.0127514	0.0114931	0.00216949	-0.000155929	-0.000483153
1.1892221283965965	0.9926825586506948	1.53502619	25.40007019	1.08793211	0.0381794	0.0277725272	-0.0459876667	-0.0543536115	-0.0317090147	-0.0464162871	0.0709577527	0.0323895523	0.05038551980000001	-0.14284928019999998	0.1204504454	-0.0757360496	-0.0560772356	0.0569366156	0.0410744225	0.017826701599999998	-0.0086264108	0.0	-0.00628215	-0.0216329	0.01427	0.00178408	-0.000155929	-0.000436504
0.5820942837567104	0.770280164293016	1.33731151	22.12848663	1.19217694	0.09757319	0.0447996964	0.0322428281	-0.0362210496	0.0321304899	0.0159977349	0.0463394755	0.035138987	-0.030708080899999997	-0.0766106091	0.072513862	-0.0756828774	0.0097767935	0.0567761542	0.0404911048	0.016717703799999997	-0.0101474389	0.0	-0.00690897	0.00421927	-0.0434348	0.00158092	-0.000155929	-0.000371876
0.36696019305321415	0.3563283587100841	1.60287857	26.52282333	1.39545321	0.14201858599999997	-0.038140447	0.053449661600000004	-0.028062271099999998	0.010008221500000001	-0.0223662064	0.0401844581	-0.052968525700000005	-0.0265111917	-0.080326059	0.0511650659	0.003680021	-0.0042846961	0.056613546900000006	0.0399016654	0.0156030194	-0.011662330700000001	0.0	-0.0052802	0.0449288	0.000491516	0.000824066	-1.91746e-05	-0.000150405
0.06273835676550922	0.3168605081172781	1.67915797	27.78501892	1.34294569	0.11598566400000003	-0.0397675869	-0.0265148398	-0.0424889355	0.0289615008	-0.0048063138	0.10585513199999999	-0.0258653778	0.0494969699	-0.0579589631	0.0316318848	0.0056187149	0.0981651907	0.056448799800000005	0.0393061934	0.0144830273	-0.01317017	0.0	-0.00590992	0.0787582	0.047401	0.000506269	-0.000155929	8.73848e-05
-0.032514782235204404	0.07148913865583384	1.36780882	22.63312531	1.22485614	0.0879342	0.0264991107	-0.0441189976	-0.0246139512	0.0276421961	-0.048164894900000005	0.0454682471	0.032567458199999996	0.0368633035	-0.0269642942	0.025636709700000003	0.0014164715	0.0195730627	0.05628191900000001	0.0387047788	0.013358108600000002	-0.014670045100000001	0.0	-0.0027381	0.0530281	0.00660487	0.000752323	-0.000155929	-3.12842e-05
0.032221699388312625	0.191189996153902	1.225052	20.27092934	1.01552522	0.08422674799999999	0.0538580925	0.015078041200000001	-0.0086159612	0.0833964343	-0.0081679219	0.0501923788	0.0501522494	-0.0238815782	-0.0317339896	0.0109085951	0.0179589024	0.06320108969999999	0.056112910999999994	0.0380975126	0.012228646000000001	-0.016161048799999998	0.0	-0.00145335	-0.000494858	-0.00942135	0.0008049399999999998	3.6459e-05	-5.41356e-05
-0.10804338755364888	0.02796930764695626	1.53497314	25.39919281	1.03070235	0.037201443	-0.0266553005	0.0753557081	-0.0107176287	-0.019092941000000002	-0.0764476012	0.0392599144	-0.0458221484	-0.065234111	-0.0540206021	0.0092463746	0.0568044709	-0.039466981400000004	0.0559417821	0.0374844866	0.011095023600000002	-0.017642279599999998	0.0	0.00181538	0.0149833	0.00156362	0.0008049399999999998	0.000151765	-8.82213e-05
0.12757889029479075	0.14398370708703978	1.89948869	31.43083	1.08671248	0.06393335959999999	-0.0305186258	-0.0546005759	-0.0089770066	-0.011106369199999999	0.051682262300000004	0.1075168135	-0.0108398533	0.0680262636	-0.0342170813	0.014697087	0.0057063774	0.000509198	0.0557685387	0.0368657935	0.0099576272	-0.0191128416	0.0	-1.90096e-05	0.0504672	0.00662165	0.000596026	6.56142e-05	4.78547e-05
-0.04060189160322089	-0.23405069791470834	1.38444066	22.90833282	1.02534652	0.028764404600000005	0.0428431762	-0.0079015484	-0.006292828	0.0500694117	-0.0556264571	-0.0134269512	0.0409314916	-0.0061901071	-0.012349656399999999	0.0187173391	-0.0070757345	0.0435350999	0.0555931875	0.0362415267	0.0088168435	-0.020571845800000002	0.0	0.00174304	0.0595363	0.00380713	0.000512206	0.000184898	-5.14162e-05
0.0497099092312257	-0.4827905635351508	1.28225696	21.21749878	0.9795658	0.041085225	0.0128492983	0.0493082827	0.0189529058	-0.050463164000000005	0.0133272428	0.047721608799999995	-0.0006262662000000001	-0.054769196799999996	-0.0011109816	0.0270702429	-0.0221396221	-0.019428711799999998	0.055415735	0.0356117807	0.007673060600000001	-0.0220184096	0.0	0.0127416	0.0554701	-0.00985182	0.000567019	7.83655e-05	-0.000137301
-0.21543916215451966	-0.6927790325121166	1.41132271	23.35314941	1.02075052	0.04151188	-0.0720298289	-0.012681724699999999	0.031667759	0.041945766399999994	-0.0100945306	0.0356193805	-0.0685588889	0.0287566776	0.0226508306	0.0213073719	0.009923719899999999	0.0635778315	0.055236188	0.0349766507	0.0065266676	-0.0234516585	0.0	0.00319488	0.0416855	-0.0159618	0.000474765	3.36596e-05	-3.28493e-05
-0.2396753256694858	-0.5359973356423515	1.62120271	26.82603264	1.06651795	0.05240972	0.041972438099999995	-0.050408492	0.0362506589	-0.0667031545	-0.050198263	0.030814318700000003	0.0519466571	0.0369665684	0.0208273897	0.0076116371	0.0422355067	-0.0350472281	0.0550545532	0.0343362328	0.0053780545	-0.0248707256	0.0	0.00225271	0.0270434	-0.00300663	0.0008049399999999998	4.09505e-05	-0.000172789
-0.01669107684630031	-0.3608375528900407	1.30342853	21.56782532	0.98923248	0.038973525	0.034560759100000005	0.032740167599999995	0.028174710699999998	0.0732124091	0.0186115042	0.048494004699999996	0.0316699876	-0.0354704142	0.011544285500000001	0.027387524700000002	0.0245035177	0.0678037583	0.0548708376	0.0336906236	0.004227612	-0.0262747528	0.0	0.00200253	0.0392578	-0.0159739	0.000643568	0.000103056	-0.000125433
-0.15107069429080475	-0.3719391788460629	1.1740576	19.42712593	0.95313978	0.04156527	-0.0385193779	0.0510687504	0.0001687014	-0.0032117461999999998	-0.040623703	-0.0118445083	-0.0531121922	-0.0364301378	-0.0007197446	0.0181958878	0.0145481277	-0.0174233143	0.0546850479	0.0330399209	0.0030757314	-0.0276628911	0.0	0.00324765	0.0533167	-0.015947699999999995	0.000396071	-0.000155929	-0.000107214
-0.23433036676659086	-0.3977944603491388	1.53892946	25.46465874	1.02108693	0.03922370000000001	-0.034338659900000006	-0.0580076017	-0.007819356999999999	-0.0232995363	0.015126195600000001	0.0558147253	-0.0166276852	0.0584380924	0.0176895151	-0.0051645519	0.012432243899999999	-0.0080148016	0.0544971914	0.032384223	0.0019228045000000001	-0.029034301000000002	0.0	0.00108581	0.0402012	-0.00363815	0.000396071	5.45e-05	-8.49068e-05
-0.10144674745710484	-0.25761830958521004	1.36006284	22.50495338	0.98358124	0.023032605	0.0533331603	-0.0166636273	-0.0100296753	0.0201289358	-0.0513837058	-0.0333278785	0.0557851248	0.00323273	0.0111541902	-0.011331104299999999	-0.0005405129	0.0200304015	0.054307275	0.031723629100000005	0.0007692236	-0.030388153199999997	0.0	0.00419612	0.0533203	-0.000819495	0.000396071	0.000131447	-8.2163e-05
-0.07348102180625601	-0.469283203322836	1.29984105	21.50846291	0.94608968	0.033393502	0.007645349300000001	0.0587444985	0.0005428343	-0.0540821173	0.0012087205	0.0010784959	-0.0040188116	-0.0625864513	0.0200822214	-0.0063390572	-0.0280506315	-0.056067881900000005	0.054115305999999995	0.0310582389	-0.000384619	-0.031723629100000005	0.0	0.00205266	0.0460137	-0.0159476	0.000396071	2.44506e-06	-3.48582e-05
-0.21560306261827786	-0.6087148656117558	1.63594353	27.0699501	1.0145483	0.019645108	-0.0538453266	-0.036544554	0.0081357071	0.0375124275	0.08675155429999999	0.0317612605	-0.0383244056	0.0519623758	0.0274493456	-0.0109635253	-0.025478798100000002	0.0336265892	0.053921291600000004	0.030388153199999997	-0.0015383308	-0.0330399209	0.0	0.00573438	0.0533167	-0.015947699999999995	0.000396071	-0.000155929	-4.96899e-05
-0.15303046938895407	-0.796534852306624	1.39312148	23.05197525	1.01511467	0.040484191	0.0410931815	-0.0225624738	0.0122138266	0.0347150957	-0.049474280999999995	-0.0541932656	0.0455394146	0.0107196426	0.0367514965	0.0133206366	-0.029537967999999998	0.006519565600000001	0.0537252391	0.0297134733	-0.0026915193	-0.0343362328	0.0	0.009613600000000003	0.0533156	0.000800316	0.000396071	0.000148768	-0.00014211
-0.12305432260626273	-1.1460163907154544	1.46845734	24.29855728	0.96359885	0.038728806	-0.0049347332	0.0536324538	0.034703739500000004	-0.0398158721	0.0030475524	-0.0068537599	-0.0172893902	-0.056649649100000005	0.0450837301	0.0233447658	-0.037773134	-0.040357468199999996	0.053527156	0.029034301000000002	-0.0038437921999999996	-0.0356117807	0.0	0.00150981	0.0411416	-0.0159464	0.000396071	0.000126321	-0.000153749
-0.08457608950920589	-1.2250067933468511	1.6811161	27.81742096	1.04241681	0.03611971	-0.048121773799999996	-0.051431342000000005	0.0409642961	0.0039607238000000005	0.0500468383	0.049642841900000005	-0.032067974	0.0593074335	0.052839901200000004	0.026849771	-0.0145478327	-0.0039821503999999995	0.0533270497	0.0283507392	-0.0049947576	-0.0368657935	0.0	0.00254416	0.053312	0.000792755	0.000396071	4.76209e-05	-0.000108933
-0.2311870477347101	-1.2980567848237077	1.4501394	23.99544907	1.01928985	0.04905902500000001	0.042668949500000004	-0.0155452135	0.0351357985	0.051361488	-0.0722829089	-0.0070391203	0.045468220499999996	0.0015423582999999999	0.046322792800000005	0.0310588155	0.015566175600000001	0.048217729	0.0531249278	0.0276628911	-0.0061440240000000005	-0.0380975126	0.0	0.0105257	0.0602265	-0.00647644	0.000197303	0.000355896	-7.810029999999998e-05
-0.3594663415147166	-1.4003173602080203	1.38250005	22.8762207	0.95802981	0.060018604	-0.0073412666	0.0589643394	0.048181205899999996	-0.026322585699999998	-0.016748641	0.0303504329	-0.020353687	-0.051949075	0.0523777746	0.0338660758	0.014774814099999999	-0.0489428448	0.052920797900000004	0.0269708608	-0.0072912004	-0.0393061934	0.0	0.0105176	0.0392741	-0.0159387	0.000339091	6.74982e-06	-0.000179083
-0.4783073986828666	-1.2693794275132773	1.43109071	23.68025017	1.02025628	0.02751868	-0.0541401006	-0.0421946067	0.0403381635	0.0159978816	0.0333358828	0.07182658110000001	-0.0350270465	0.057405634000000004	0.054316513600000005	0.0012732559	0.0455585746	0.00035183809999999997	0.052714667800000004	0.0262747528	-0.0084358965	-0.0404911048	0.0	0.00364413	0.0344875	-0.00594289	0.000396071	6.74982e-06	-0.000118807
-0.3926840227031117	-1.1428854174668406	1.35035467	22.34431267	0.99403536	0.023340424	0.0498335871	-0.0172791375	0.0285043152	0.04687176059999999	-0.0970174096	0.0109457042	0.048828658	0.0045233339	0.042533101399999995	0.0165999485	0.0757609088	0.021491562999999998	0.052506545300000006	0.0255746725	-0.009577723100000001	-0.041651530299999996	0.0	0.00324392	0.0405316	-0.0134178	0.000301431	8.09943e-05	-9.92674e-05
-0.1472244933608515	-0.9322292961495332	1.21651113	20.12960434	0.92083806	0.008593949999999998	0.0086799398	0.0584741585	0.024857152900000002	-0.044146416900000006	-0.0267443873	0.058930065700000006	-0.0017519501999999998	-0.058871922699999996	0.028485076499999998	0.021193722999999998	0.054063603499999995	-0.0502550692	0.0522964382	0.0248707256	-0.0107162918	-0.042786768200000005	0.0	0.00363261	0.0410675	-0.0082064	0.000328459	9.57258e-05	-9.18677e-05
-0.13706097010084245	-0.7512106882475351	1.47262454	24.36751175	1.00036407	0.018366193999999995	-0.0712909082	-0.0347389569	0.013447083500000002	0.0341159044	0.0222102169	0.0694936823	-0.0500828523	0.0546453341	0.013499911100000001	0.0159757528	0.0340429643	0.0237599538	0.052084354400000005	0.0241630186	-0.0118512151	-0.043896132000000004	0.0	0.00261938	0.0413283	-0.0159429	0.000396071	6.74982e-06	-0.000122393
-0.15001728985955254	-0.5070989961162289	1.50291646	24.86875153	1.01082909	0.017826019999999998	0.053688886100000006	-0.025236550299999997	0.0088668632	-0.0103913865	-0.0626983037	-0.0151777479	0.0517844758	0.011484321	0.012594059599999999	-0.0071883830000000004	0.053054631500000005	-0.019635344	0.051870302	0.0234516585	-0.012982107	-0.0449789509	0.0	0.0105174	0.044493	-0.0112389	0.000396071	6.74982e-06	-0.000163579
0.019874959678275992	-0.4188556905177248	1.22837698	20.32594872	0.93192989	0.042404794	0.023655523199999997	0.044311835599999995	0.0213422298	-0.0002638901	0.031581104	0.0337746909	0.011358833700000001	-0.0513403181	0.0088631146	0.0054927614	0.0189047046	-0.0002661352	0.051654289000000006	0.0227367528	-0.0141085829	-0.0460345699	0.0	0.0105036	0.0580734	-0.0203825	0.000315438	8.80657e-05	-0.00039497
0.09929058491117797	-0.32220204128117325	1.22103035	20.20438385	0.96967	0.039343487	-0.06082221559999999	0.0279783321	0.018403618	0.022377294300000003	-0.03447394	-0.015457728300000001	-0.0663810502	-0.0116660021	0.0011540387	0.0016799095999999998	0.0330209442	0.0263752239	0.0514363237	0.0220184096	-0.015230259599999999	-0.0470623508	0.0	0.000139357	0.0580686	-0.0142216	0.000184821	6.74982e-06	-0.000150632
0.012593245766717859	-0.1072866834459128	1.5139761	25.05175591	0.99559879	0.019652582	0.0062022466	-0.0682973427	0.005780684300000001	-0.0713175823	-0.0112741541	0.0436534869	0.0204031329	0.062276282	0.0048783011	0.002311109	0.009634088	-0.050716112	0.0512164143	0.021296737599999997	-0.0163467555	-0.0480616721	0.0	0.00186513	0.0580632	-0.0142136	0.00014264900000000004	0.00028539	-0.000113176
0.13427375495132218	0.1005211921947351	1.28538692	21.26929092	0.96054679	0.04767462400000001	0.0484890163	0.0023938826	0.0142989972	0.0821571125	0.006427653	0.00024603470000000003	0.0490520703	-0.0207971944	0.0030627201	0.013253554099999999	-0.0220064161	0.055661712099999996	0.050994569000000003	0.020571845800000002	-0.0174576908	-0.04903192940000001	0.0	0.0036504	0.0311747	-0.014215	0.000105212	6.74982e-06	-4.92641e-05
0.2906762321609229	0.011416360150372895	1.35699785	22.45423698	0.95994598	0.03860819499999999	-0.04362100519999999	0.059158641799999995	0.015814121599999998	-0.0336084377	-0.0219607169	-0.0329044088	-0.059036112300000006	-0.0478914837	-0.0035937837	0.0014996774	-0.025488125499999997	-0.0338152129	0.0507707963	0.0198438438	-0.0185626877	-0.049972536	0.0	0.00429015	0.0318908	-0.031113	0.000396071	6.74982e-06	-0.000165492
-0.04770741664619657	0.13075678632239707	1.73764336	28.7527771	1.03898537	0.03741045900000001	0.010789241399999998	-0.0641117113	0.0066853779	-0.0647250449	0.043667314699999994	0.0169804863	0.0263011038	0.0571483988	0.0132827646	-0.0084486542	-0.0327088337	-0.055738249100000005	0.0505451046	0.0191128416	-0.0196613702	-0.050882923	0.0	0.010513	0.0393903	-0.0142364	0.000396071	0.000132771	-0.000175701
0.024947975695594617	0.03693812724467865	1.30322158	21.56440163	0.97599554	0.066433715	0.046641700300000005	0.0280313744	0.0085916134	0.046086439800000004	0.0342500099	0.0078236142	0.042445227099999996	-0.039550611	0.007504538000000001	-0.0042869192	-0.0435525231	0.0406547127	0.050317502400000005	0.0183789499	-0.0207533646	-0.0517625401	0.0	0.00317412	0.054866	-0.0311697	-1.35452e-06	6.74982e-06	-0.000165431
-0.15071433522431912	-0.1219020633504988	1.44605279	23.92782784	0.99949419	0.0236880065	-0.0657671947	0.0201514268	0.014572928300000001	0.047249113200000005	-0.0140687272	-0.0239187321	-0.0737835264	-0.0041724636	0.010548227	0.0035963129	-0.0168899155	0.0610845055	0.0500879984	0.017642279599999998	-0.0218382995	-0.0526108551	0.0	0.00399455	0.060446	-0.0232895	0.000162839	6.74983e-06	-0.000189385
-0.06380183424294464	-0.09634558838360023	1.74468303	28.86926079	1.03695226	0.05559239050000001	0.0408454501	-0.048860132	0.019106934	-0.0642023369	-0.0291077859	-0.021737423999999998	0.043359385300000004	0.0308192179	0.0251974899	0.0082552933	-0.007522119	-0.0590101272	0.0498566013	0.0169029419	-0.0229158057	-0.0534273552	0.0	0.010534300000000002	0.0758727	-0.00419999	-1.63015e-05	6.74982e-06	-7.77969e-05
-0.31400319431100143	-0.21436902702333094	1.3978945	23.13095284	0.95622104	0.059688585	0.0280613477	0.0371438083	0.0272919418	0.0073783191	0.0392155664	0.0232326199	0.015453123000000001	-0.0478986099	0.023304686	-0.0027174728	-0.0036018863	0.021571475099999998	0.049623319699999995	0.016161048799999998	-0.0239855169	-0.0542115466	0.0	0.010531	0.0495444	-0.0309283	8.39079e-05	6.74982e-06	-0.000110161
-0.20060224391069234	-0.3515112518907551	1.37244713	22.70987511	0.99876136	0.033699714	-0.0670012685	-0.0225878417	0.029539546200000003	0.0381635264	-0.014122916200000002	0.024826337400000002	-0.058773083399999995	0.037266967000000005	0.018662833700000003	-0.0087485437	0.0367005152	0.053830885099999996	0.0493881625	0.0154167123	-0.025047068999999998	-0.054962955099999995	0.0	0.0105325	0.0386062	-0.0330954	0.000359691	9.4114e-05	-0.000158872
-0.4051547669000904	-0.2406753285485819	1.42855191	23.63824081	0.99360454	0.0391221585	0.0524271408	-0.0277164432	0.0277383571	0.0152915003	-0.09205189150000001	0.0038001831	0.0539515358	0.011520916499999999	0.0197659514	0.0022645689	0.0737370985	0.0035808059	0.049151138600000005	0.014670045100000001	-0.026100101	-0.0556811262	0.0	0.0105268	0.0424877	-0.014985	0.000528431	6.74983e-06	-0.000245259
-0.2970944772172037	-0.2495358540003541	1.39836979	23.13881874	0.95380366	0.0471586005	0.0065927359	0.0594736929	0.044734198200000005	-0.0616325731	-0.0183014009	0.043191462699999995	-0.0095013472	-0.0619245918	0.0181779376	0.0142512015	0.0715103696	-0.061029940199999994	0.048912256900000006	0.0139211599	-0.027144254700000002	-0.056365625700000005	0.0	0.00389035	0.0687612	-0.0155006	0.000340157	6.74982e-06	-0.000158872
-0.5057138826492593	-0.20740177334262835	1.50507796	24.90451813	1.02127135	0.018817734999999995	-0.0631615232	-0.0410356138	0.0398866808	0.0306682732	0.0068776244	0.0720538676	-0.043347064299999995	0.0560311855	0.0305944038	-0.0013571457000000002	0.0720409028	0.017950978700000002	0.048671526500000006	0.01317017	-0.028179174900000003	-0.0570160396	0.0	0.00345095	0.0687589	-0.0194109	5.08423e-05	6.74982e-06	-0.000158872
-0.10285832941064553	0.030907812679221436	1.45989513	24.15687752	1.00295615	0.019466896	0.0560007411	-0.0199720189	0.0389317589	0.0036662418	-0.0781175525	-0.0077890682	0.055770176100000006	0.0009078459	0.0129945549	0.018712526200000003	0.0716035936	-0.012794334899999999	0.048428956399999994	0.012417188999999999	-0.0292045096	-0.0576319747	0.0	0.0105346	0.0687633	-0.0114494	2.01245e-05	-5.08793e-05	-0.000158872
-0.2710928248503747	0.01155817687947347	1.26843822	20.98884201	0.91744256	0.014647381	0.0196302926	0.0460148129	0.0300024989	0.0053555814	0.0070128114	0.0843098875	0.011595601799999999	-0.0473359153	0.004122486	0.0037870340000000003	0.0847101291	0.003209875	0.048184555899999995	0.011662330700000001	-0.03021991	-0.058213058399999996	0.0	0.0105328	0.0687627	-0.0162169	0.00016004499999999996	6.74982e-06	-0.000158872
-0.0239835224421793	0.3391770570060603	1.25331175	20.73854446	0.96826971	0.021652764999999997	-0.065389835	0.017865998600000002	0.0081946289	0.0185218988	-0.0799505529	0.0267670411	-0.06710510830000001	0.0022777442	-0.014666130900000001	-0.0058760213	0.0846430516	0.0021886096	0.0479383341	0.010905709199999999	-0.031225030600000002	-0.0587589394	0.0	0.0105453	0.0607525	-0.0144242	4.82918e-05	6.74982e-06	-3.38779e-05
-0.205538976222068	0.540056827902802	1.50529861	24.90816879	1.04182661	0.05968183000000001	0.0389345279	-0.0553665742	-0.0183949694	-0.0567575354	-0.0392509811	0.0413216998	0.0477710846	0.0470833606	-0.014516293400000001	-0.0507415682	0.0981991708	-0.0509967229	0.0476903005	0.0101474389	-0.0322195296	-0.0592692876	0.0	0.0105328	0.0279139	-0.0330777	8.68423e-05	6.74982e-06	-0.000158872
-0.031234542901619738	0.9407080352849212	1.28622532	21.28316498	0.99567592	0.049670434999999985	0.038184104100000005	0.040160815499999995	-0.0424292516	0.0751677587	0.0460831314	0.0545023449	0.0387048502	-0.0471380846	-0.0344371508	-0.0664725518	0.047076772999999995	0.0489439144	0.0474404643	0.0093876345	-0.0332030687	-0.0597437942	0.0	0.00299935	0.0556968	-0.0388708	0.000258062	6.74982e-06	-0.000158872
0.16903655114755572	1.1730389317896497	1.41106427	23.34887314	1.02775383	0.012374510499999996	-0.061704441900000004	0.0189410856	-0.0787375755	0.020509778500000003	-0.0847925903	-0.047250186	-0.0647737476	0.0032492169	-0.0627560946	-0.07456395269999999	0.0134105468	0.0072673758	0.047188834900000004	0.0086264108	-0.0341753133	-0.0601821725	0.0	0.00335126	0.0612062	-0.0331195	0.000242824	6.74983e-06	-0.000158872
0.07816490247700299	1.3389378647379242	1.73133647	28.64841652	1.03608811	0.035125650499999994	0.050913923	-0.0372682269	-0.0889485503	-0.06790240089999999	0.0082631662	-0.0166384421	0.053814187699999995	0.0261680018	-0.0603112939	-0.0645390491	0.0002692115	-0.0616724438	0.046935422000000004	0.007863882800000001	-0.0351359328	-0.060584157300000004	0.0	0.00360516	0.07479049999999998	-0.0300248	-0.000121031	6.74982e-06	-0.000158872
0.3002897346335032	1.2173777286529803	1.38031232	22.84002113	0.99544543	0.044701505	0.0160353534	0.0591184275	-0.0843281048	-0.0504488571	0.058055845	0.021057097	0.0002695575	-0.0665437188	-0.06474053190000001	-0.0531386499	-0.041648282599999996	-0.035201363	0.046680235099999995	0.007100166	-0.0360846002	-0.0609495054	0.0	0.0105705	0.0967087	-0.0330728	-4.87382e-05	6.74982e-06	2.42345e-05
0.04025112307202373	0.9970066023035401	1.50832212	24.95819855	1.04780924	0.03892768	-0.0576261967	-0.0398207402	-0.0875081225	0.045985273	0.029666353399999998	0.005460944499999999	-0.0450065425	0.0506549814	-0.0549328663	-0.0498505104	-0.0408591499	0.05551863	0.0464232838	0.0063353757	-0.0370209929	-0.0612779961	0.0	0.00266617	0.0891816	-0.0162809	-0.000121031	6.74982e-06	-3.75597e-05
0.14876414117802342	1.0577682767324796	1.44907022	23.97775841	1.02722549	0.0517696955	0.0538127688	-0.007939168100000001	-0.071592574	0.042041162	-0.0348490036	-0.0672271473	0.0530645948	-0.0033014697	-0.04323363349999999	-0.0425333927	-0.044117091799999994	0.038434803	0.0461645778	0.0055696276	-0.0379447925	-0.0615694305	0.0	0.0105328	0.0703125	-0.0205475	-0.000415066	6.74983e-06	-0.000158872
-0.3956646535759555	0.7360888460253381	1.75927198	29.11066437	1.1304853	0.1079529905	-0.0054112192	0.061398992400000005	-0.0568893568	-0.0591121346	0.033479893999999996	-0.0098436562	-0.0119481753	-0.0633203883	-0.014260028000000001	-0.0983367859	0.015400107	-0.0087712372	0.045904127	0.0048030375	-0.0388556846	-0.0618236326	0.0	0.0009110530000000002	0.00973404	-0.0301293	-6.855e-06	6.74983e-06	-3.66333e-06
-0.5626176973776061	0.5687447114048252	1.46634638	24.2636261	1.05675733	0.09665858	-0.0506597247	-0.0376377994	-0.0543595775	0.0286093093	0.0406299407	0.0044817868	-0.0351853703	0.0468067352	0.0028783456	-0.10946867	0.0373846761	0.0718701286	0.04564194110000001	0.0040357212	-0.0397533594	-0.0620404485	0.0	0.0105667	0.07502889999999998	-0.0330965	7.92599e-05	-0.000265243	1.30464e-05
-0.666817977752371	0.6019515507857995	1.44739068	23.94996643	1.11913002	0.065753365	0.061259160199999996	-0.0262153081	-0.045580626	0.0082187161	0.003380282	-0.0272446401	0.0679663089	0.0086727296	0.0130336968	-0.11075908359999999	0.0673395639	0.053447582800000004	0.0453780301	0.0032677947	-0.0406375116	-0.0622197471	0.0	-0.00696799	0.066094	-0.0331397	0.000322973	-0.000167427	-0.000430236
-0.1736469408333011	0.8641717038235954	1.43048143	23.67016983	1.12310886	0.1072865515	0.0318711321	0.054483543899999994	-0.051043983	0.0229504132	0.0219873988	0.028242271800000003	0.0199827762	-0.0632019467	-0.0307637174	-0.0512838696	0.060326919699999995	0.0339026247	0.045112404	0.0024993742	-0.0415078403	-0.062361420099999995	0.0	-0.0155543	0.117084	-0.0493235	0.000647142	6.74983e-06	-0.000562419
0.3913467746964272	1.3871446411785535	1.34528029	22.26034737	1.202227	0.13951191	-0.0467606763	0.046835486600000004	-0.0651936732	-0.017804857900000002	-0.010480839	-0.057925461100000006	-0.060030916	-0.0306129586	-0.0572897079	-0.028493832099999998	-0.0321099707	-0.0646001524	0.044845072699999995	0.0017305757999999999	-0.0423640496	-0.0624653818	0.0	-0.00125966	0.0696259	-0.0712677	-6.56104e-05	6.74983e-06	-0.000158872
0.07864587218338823	1.385798689735278	1.3880024	22.96726799	1.06978106	0.10605841	-0.0499499126	-0.037679959900000004	-0.0895083466	-0.0046550174	-0.013625618	-0.0314881959	-0.0357490518	0.0496455061	-0.0560503773	-0.0585442773	0.0156790013	-0.008869373100000001	0.0445760465	0.0009615158	-0.0432058482	-0.0625315692	0.0	-0.0023039	0.0205309	-0.0398778	0.000246528	6.74983e-06	-0.000337319
0.032878251811289116	1.2854590177261729	1.37460208	22.74553299	1.00315535	0.08919047149999998	0.0377387219	-0.0474642398	-0.0890147864	0.0005619036	0.017830996499999998	-0.0357147409	0.046816399800000005	0.0426657646	-0.053140289199999996	-0.0604584913	-0.0089510045	-0.0012313586	0.0443053354	0.0001923104	-0.0440329496	-0.0625599424	0.0	0.00818192	0.0674264	-0.0322122	-2.52303e-06	6.74983e-06	-0.000103499
0.08549849310049831	1.1394409619444	1.19915497	19.84241104	0.94280422	0.028574818500000005	0.054740883399999996	0.0257918623	-0.0864351385	0.021212779700000003	0.0321234969	-0.0290008343	0.046966844800000004	-0.031561684300000004	-0.0508188787	-0.0601594561	-0.024452057000000003	0.0200096113	0.0440329496	-0.000576924	-0.044845072699999995	-0.0625504842	0.0	0.00347855	0.07859739999999998	-0.0302669	-0.000162253	6.74983e-06	-0.000158872
0.10753270907542928	0.8707661706359521	1.19996536	19.85582161	0.95034349	0.0394393545	-0.0165897252	0.06838483990000001	-0.0777394281	-0.0358082984	0.0121995252	-0.054219453099999995	-0.0348375555	-0.06074070559999999	-0.0407375035	-0.0571898569	-0.0727453186	-0.0466911697	0.0437588996	-0.0013460713	-0.04564194110000001	-0.0625032003	0.0	0.00145388	0.0646304	-0.045855	-0.000162253	6.74983e-06	-1.68031e-06
0.00024773673515261774	0.5824677098430866	1.34668243	22.28354836	1.01578891	0.06208392300000001	-0.0600891489	-0.0379801691	-0.060307107699999994	0.0147428228	0.0489038163	-0.0235187746	-0.0546607451	0.052705662199999996	-0.030750326	-0.0587717277	-0.0387310973	0.0404449931	0.043483195700000005	-0.002115015	-0.0464232838	-0.0624181193	0.0	0.00532071	0.036022	-0.0458977	0.000172241	0.000106384	-0.000158872
-0.04822858081077641	0.7010383776442175	1.50173962	24.8492775	1.01100588	0.06966863499999999	0.0400147031	-0.0254402799	-0.0445480419	-0.0199557572	-0.0380810517	-0.0792651112	0.0430836639	0.021814914100000003	-0.026429873399999998	-0.0479593287	-0.0376418002	-0.028415634	0.0432058482	-0.0028836389000000003	-0.047188834900000004	-0.0622952927	0.0	0.00781965	0.0692281	-0.0191345	0.000291032	8.116709999999998e-05	-0.000158872
-0.07383827632085636	0.4057363729925656	1.34838116	22.31165695	0.95790195	0.0357053135	0.0246233171	0.046611281100000006	-0.030852807599999997	-0.048107742	0.0812605981	-0.0055424583	0.0105157641	-0.052885269699999994	-0.0111794877	-0.0458540712	-0.0693210747	-0.0296132056	0.042926867599999995	-0.0036518269	-0.0479383341	-0.062134794800000004	0.0	0.00534165	0.0623196	-0.0397754	0.000330173	6.74983e-06	-0.000158872
-0.14572602468323753	0.09344408275506556	1.53392553	25.38185883	1.04693687	0.0492399785	-0.07427101559999999	-0.0271621673	-0.0199453494	0.0641226703	0.048506843	-0.05295562400000001	-0.0652719233	0.0481978384	0.0033248134999999996	-0.0332713255	-0.0575486608	0.0616274458	0.0426462645	-0.0044194628	-0.048671526500000006	-0.0619367225	0.0	0.00939542	0.0676504	-0.029705	-0.000162253	0.000110024	-0.000158872
-0.2231309211144233	0.02479498568948529	1.60611749	26.57641792	1.04034317	0.063193785	0.0523223259	-0.0372073883	0.0019173405	-0.0030571171000000003	-0.0160956753	-0.07541953480000001	0.051946096799999994	0.0170732327	0.015641914099999998	-0.022271304500000002	-0.030409497799999997	0.0029762109000000003	0.0423640496	-0.0051864306	-0.0493881625	-0.0617011957	0.0	0.00663524	0.0882898	-7.18785e-05	-6.23055e-05	6.74983e-06	-0.000158872
-0.43761277595450654	-0.3464809128720845	1.57921267	26.13122368	0.97985792	0.06509578150000002	-0.0012131397	0.0552135032	0.0190546278	-0.0325468937	0.0353956421	-0.034570438700000004	-0.0119171449	-0.059547576799999995	0.0313656	-0.0110317422	-0.0254435763	-0.0463044308	0.0420802334	-0.0059526142	-0.0500879984	-0.0614283569	0.0	0.0137298	0.07532769999999998	-0.0309115	-0.000212719	6.74983e-06	-2.52955e-05
-0.4452744751744824	-0.5256351805554493	1.54305804	25.53297424	1.03378022	0.0577501585	-0.0525409881	-0.0494203295	0.0249210071	0.0190736665	0.0652859707	0.019099765600000002	-0.0374874111	0.0586192171	0.0378806041	-0.022342735699999998	0.013820146399999999	-0.0015050495	0.0417948267	-0.0067178978	-0.0507707963	-0.061118370899999996	0.0	0.00672014	0.0542564	-0.0147396	-0.000162253	9.26533e-05	-0.000158872
-0.3415649823686725	-0.4564603684440567	1.4405266	23.83638763	0.99776578	0.011352145000000001	0.0410295989	-0.0076271992	0.044902008300000004	0.0570639812	-0.0461449601	-0.062242485599999994	0.0441495534	-0.0054570878000000005	0.0502027041	-0.0155186197	0.0477928537	0.042480640599999994	0.0415078403	-0.007482165799999999	-0.0514363237	-0.0607714253	0.0	0.00910382	0.0557438	-0.0209179	-0.000162253	6.6598e-05	-0.000158872
-0.4309710186878721	-0.6447262841267263	1.3886615	22.97817421	0.97134608	0.0720843185	-0.0213002691	0.0613617157	0.0469817855	-0.0548950707	0.006964415	-0.008023906400000001	-0.03792741	-0.054346125300000006	0.0519213943	0.012426998100000001	0.048900659000000006	-0.0690809315	0.041219285	-0.0082453026	-0.052084354400000005	-0.060387729800000005	0.0	0.00565221	0.0925474	-0.0289013	0.000254813	6.74983e-06	-0.000158872
-0.3684981791783856	-0.4759380330948625	1.65960515	27.46147919	1.02475238	0.058634482000000016	-0.026677754900000003	-0.0669897366	0.0458454	-0.0277929773	0.030377574900000003	0.059839141	-0.0105374933	0.0651452381	0.050331558600000006	0.017227382700000002	0.057947858899999996	-0.052628533600000006	0.040929171800000004	-0.009007192800000001	-0.052714667800000004	-0.059967516500000005	0.0	0.00320003	0.0925453	-0.0014959699999999997	3.55885e-05	-0.000183826	6.82511e-06
-0.30927884562355945	-0.4175306178460743	1.34623885	22.27620697	0.97433007	0.037396204499999995	0.044226592099999996	0.0066096233	0.045483584199999996	0.0791069339	-0.0101955876	-0.0024552905	0.0490208147	-0.0222691005	0.0364501914	0.0134243681	0.061382659699999995	0.0524869611	0.0406375116	-0.0097677213	-0.0533270497	-0.0595110395	0.0	0.00641603	0.0842703	-0.0128527	-0.000230385	-0.000187772	2.78751e-05
-0.313218963740442	-0.4962628510608033	1.37502384	22.75251198	0.94407636	0.0429759965	-0.0304504973	0.058327534699999996	0.0470840814	-0.0389643037	-0.0315471379	0.0018248905	-0.04394720269999999	-0.0504997149	0.0300811656	0.010788849599999999	0.0795640259	-0.0446932125	0.0403443154	-0.010526773	-0.053921291600000004	-0.0590185749	0.0	0.00539263	0.0706947	-0.0061785	-0.000437467	6.74983e-06	6.03272e-05
-0.07982963455385833	-0.3195998741019717	1.54227459	25.52000999	1.01382506	0.03495701200000001	-0.031756947	-0.06636637940000001	0.0333654977	-0.0135813027	0.0181569397	0.0705021509	-0.0115723898	0.06545017730000001	0.0232237619	0.0100041203	0.055691211500000004	-0.035989033999999996	0.040049594300000005	-0.0112842332	-0.0544971914	-0.0584904204	0.0	0.00435671	0.0642633	-0.0170439	-0.000494871	-0.000213391	5.38619e-06
-0.0735871998381519	-0.10821003754561376	1.37112224	22.68795395	0.97561371	0.0389914505	0.0434235283	-0.0049477137	0.0347554916	0.0662032285	-0.0674289342	-0.0250511138	0.0450439625	-0.009220473100000001	0.0199187549	0.0043884268	0.05958277	0.0359488395	0.0397533594	-0.0120399874	-0.0550545532	-0.0579268955	0.0	0.00379992	0.0681258	-0.0309212	-0.000162253	-0.000157023	3.02974e-05
0.0089438108132891	0.09066892039387904	1.18778622	19.65429306	0.93725657	0.032175051499999996	-0.0007701616	0.061266571500000006	0.0232560933	-0.0707249452	-0.007234218299999999	0.0379703073	-0.013294757800000001	-0.06287982219999999	0.0061684243	-0.013448924899999999	0.0335223531	-0.08474340650000001	0.039455622	-0.012793921299999999	-0.0555931875	-0.0573283408	0.0	0.00566321	0.0627211	-0.0308999	-0.000307026	6.74983e-06	-0.000158872
0.0817680171432056	0.3350806925609279	1.42585897	23.59368134	1.01775122	0.03136916000000001	-0.0635358026	-0.04610244769999999	0.0046849934	0.0256121641	0.0105917993	0.0408713849	-0.046311701399999995	0.0606450266	-0.0041924009000000005	-0.021878250800000002	0.0351027928	0.013281709099999999	0.0391563933	-0.013545921	-0.056112910999999994	-0.0566951184	0.0	0.005662	0.0712258	-0.0465245	-0.000162253	6.74983e-06	-0.000158872
0.23277612009412105	0.6752255391235022	1.49001241	24.65522766	1.01382017	0.016302534999999993	0.0627255534	-0.0201149451	-0.018381483100000002	0.015978025	-0.0325151719	-0.0372822698	0.0654619541	0.0040461985	-0.0199666303	-0.0377851677	0.0079118987	0.0078400188	0.0388556846	-0.0142958727	-0.056613546900000006	-0.0560276113	0.0	0.005016	0.0742366	-0.0497897	2.53577e-05	6.74983e-06	-0.000158872
0.20276958752850344	0.7649572305075983	1.3812089	22.85485649	0.95919377	0.03328513	0.0030597817	0.0648662268	-0.022910935499999997	-0.052157857099999996	0.035250214700000004	-0.0079988059	-0.009010785600000001	-0.0706910285	-0.0204635723	-0.0272625571	-0.0393057697	-0.0332141829	0.0385535073	-0.015043663	-0.0570949249	-0.0553262229	0.0	0.00717275	0.0786695	-0.0371695	-0.000162253	6.74983e-06	-6.497710000000002e-05
0.1909489255081528	0.6791700430715097	1.6139518	26.70605278	1.0240705	0.011696305	-0.0642652336	-0.0442229645	-0.0351817657	0.0466740056	0.0449389046	-0.0246336725	-0.04530485730000001	0.0569816676	-0.025578299300000003	-0.030855544500000002	-0.0570780262	0.0517325902	0.0382498728	-0.0157891789	-0.0575568813	-0.0545913776	0.0	0.00434179	0.0841229	-0.0356265	-0.000162253	6.74983e-06	-0.000102356
0.4865692294314717	0.7575341775307814	1.41628945	23.43533516	1.00106597	0.05598208	0.051863458099999996	-0.021930313599999997	-0.0295284859	0.0069953762	-0.035068091	-0.0658888104	0.048869069	0.0057515822999999995	-0.022536675	-0.0104266259	-0.0524720602	0.0029537027	0.0379447925	-0.0165323078	-0.057999259000000004	-0.0538235196	0.0	0.00652482	0.0931656	-0.0126257	-0.000540848	6.74983e-06	-0.000158872
0.15756243033214407	0.5492749406997351	1.25844109	20.82341957	0.93478942	0.03585156650000001	0.02535137	0.050771397	-0.026839269199999998	-0.0322709954	0.0635261758	-0.0089347836	0.0143904951	-0.052270475	-0.0230156282	-0.0126511163	-0.054392398099999996	-0.0011793024	0.037638278	-0.0172729372	-0.058421907300000006	-0.053023113399999995	0.0	0.0041885	0.0889502	-0.0266139	-0.000619487	-0.000112859	-5.08869e-05
0.15736691340784098	0.4748296050102822	1.3826952	22.87944984	0.99389428	0.048715985	-0.0763237492	-0.004701981500000001	-0.0284459192	0.045539100199999995	0.017741988700000003	-0.0682546467	-0.0745336644	0.0267610887	-0.01344477	-0.0181052521	-0.0376830075	0.0572137571	0.037330341	-0.0180109551	-0.0588246827	-0.0521906429	0.0	0.00448701	0.0621833	-0.034132	-0.000490174	-6.75076e-05	-0.000158872
0.03912437856132954	0.5131271875932036	1.6824342	27.83923149	1.03739095	0.040032551500000006	0.0458221801	-0.044349766799999996	-0.0305459964	-0.0548637796	-0.0043844143	-0.0730084369	0.0464917315	0.0325468602	-0.0029531665000000003	-0.0222504319	-0.0357722567	-0.0352420697	0.0370209929	-0.0187462501	-0.059207447999999996	-0.0513266115	0.0	0.00508849	0.0559408	-0.0194564	-0.000256672	6.74983e-06	-9.6372e-05
0.11430430736299392	0.4919013530779767	1.37088501	22.68402863	0.96200913	0.03649336000000001	0.0321265767	0.0391973875	-0.0172942495	0.026332607	0.0703857811	-0.018795116100000002	0.0205833453	-0.050644863	-0.005854412099999999	-0.0192045751	-0.049015646100000004	0.0333827072	0.036710245600000004	-0.0194787108	-0.059570073099999996	-0.0504315418	0.0	0.00544805	0.0609642	-0.0471476	-0.000250788	6.74983e-06	-0.000158872
-0.09599556458756936	0.2794407163848899	1.35108507	22.35639763	0.97867638	0.016102245000000005	-0.07002667950000001	0.0094025888	-0.016811583	0.0333142414	0.005853792900000001	-0.07933759209999999	-0.0706783305	0.0084305927	0.0093489565	-0.0262101071	-0.0242698742	0.0319578528	0.0363981108	-0.020208226699999998	-0.0599124346	-0.049505975	0.0	0.00423575	0.0658441	-0.0471827	-5.12891e-05	6.74983e-06	-0.000158872
-0.032133846357535516	0.31398450451530435	1.70527792	28.21722603	1.03893125	0.084806425	0.032248766899999996	-0.051451338099999994	-0.0069928119	-0.0562587377	0.0096260214	-0.0563690217	0.0375957923	0.043500345	0.0094234708	-0.0129172015	-0.0124361939	-0.0397677588	0.0360846002	-0.0209346873	-0.0602344161	-0.0485504708	0.0	0.00623958	0.094752	-0.00670075	-0.000319544	6.74983e-06	-0.000158872
-0.057029919099114486	0.14950677684010716	1.25364268	20.74401855	0.93202388	0.0267398465	0.0406387551	0.027139358399999997	0.00421817	0.0304265223	0.0637090979	-0.0171076617	0.0318270092	-0.0365177344	0.0142073819	0.0029843490000000003	-0.028541557599999996	0.027983430400000002	0.0357697257	-0.0216579829	-0.060535908	-0.0475656071	0.0	0.00113631	0.0945904	-0.0166796	-0.000477992	-6.47247e-05	-0.000158872
-0.17803486466117344	-0.048982535866554655	1.36776531	22.63240623	0.96217906	0.06683752650000001	-0.0496434177	0.0520360315	0.0117923593	-0.026809879100000003	-0.012382477099999999	-0.0397616088	-0.0638152001	-0.0391914694	0.0097193063	-0.0155255168	0.0141118835	-0.0298657248	0.0354534992	-0.0223780041	-0.060816807699999996	-0.046551979400000006	0.0	0.00733141	0.0669963	-0.0336383	-0.000227674	6.74983e-06	-0.000158872
-0.10186507201973193	0.05090381912597375	1.66541481	27.55761147	1.02539885	0.022569280000000004	-0.0115647541	-0.071152747	0.0151587672	-0.0494897925	0.0462270743	0.013098630900000002	0.0042493133	0.0691997565	0.0272677266	-0.0058469817	-0.0087853149	-0.0558964479	0.0351359328	-0.0230946421	-0.06107701980000001	-0.045510200599999995	0.0	0.00749829	0.065769	-0.0138293	-0.000200352	6.74983e-06	-0.000158872
0.02779573478812097	0.20743153764070554	1.35849297	22.4789772	0.96693695	0.031620510000000004	0.042128632	0.0035987640999999996	0.0092377208	0.0705994207	-0.0173890396	-0.032356943	0.049941041799999995	-0.010741938500000001	0.0026926966	0.0031266452	0.0051852709	0.04538843309999999	0.0348170382	-0.0238077885	-0.0613164557	-0.0444409009	0.0	0.00783515	0.0817532	-0.0251085	-0.000280757	6.74983e-06	-0.000158872
-0.13066289606242099	0.16823834130569326	1.24417818	20.58740997	0.92682219	0.005699390000000001	-0.009159427900000001	0.0640618408	0.0068204128	-0.06764194330000001	-0.0020443005	-0.0047063699	-0.0197559094	-0.062318820999999996	0.0070942096	-0.0116623071	-0.0033532895	-0.08729619699999999	0.0344968277	-0.0245173354	-0.061535034	-0.0433447267	0.0	0.00676536	0.07828649999999998	-0.0247292	-0.000296429	6.74983e-06	-0.000158872
0.06969260498087393	0.1718632686942586	1.46229112	24.19652367	1.02050912	0.03538705	-0.0573309046	-0.0454084365	-0.0041240868	0.0308371443	0.0253003766	0.0367628053	-0.0417763196	0.0598693268	-0.0097859689	-0.0073168135	0.0095195674	0.0342755728	0.0341753133	-0.0252231757	-0.061732680199999994	-0.042222341	0.0	0.00695766	0.0684747	-0.0471323	-0.000356026	6.74983e-06	-0.000158872
0.053306291916178215	0.36365402332563657	1.43417692	23.73131943	1.00632656	0.02202644	0.0574633696	-0.0151189476	0.0088270838	0.0148678666	-0.043207563399999996	-0.0491019475	0.0623785189	0.0029502413000000003	-0.007988471700000001	-0.011402960600000001	0.0050432853	-0.0065506394	0.0338525072	-0.0259252026	-0.061909327300000004	-0.0410744225	0.0	0.00567197	0.0634591	-0.0445802	-0.000619487	6.74983e-06	-0.000158872
0.1104384707082991	0.3229749558419789	1.31773901	21.80462074	0.94651657	0.05215185	0.0013276420000000002	0.054611892	0.0069138331999999995	-0.0559849908	0.023936836099999997	0.0068037339	-0.009134073199999999	-0.053040499000000005	-0.0131468274	-0.0025453958	-0.017730651599999998	-0.0675234823	0.033528421600000004	-0.026623309900000003	-0.062064915	-0.0399016654	0.0	0.00580572	0.0817456	-0.0274726	-0.000340624	6.74983e-06	-0.000105255
-0.03116178141300377	0.2723169699451816	1.41016293	23.33395958	0.98149741	0.016492380000000004	-0.0620674659	-0.037608196600000005	0.0031740401	0.0309178019	0.0276854458	-0.00010060200000000001	-0.0494301211	0.0529776354	-0.0059530715000000005	-0.0140077407	-0.0034619665999999997	0.0257409485	0.0332030687	-0.027317392200000002	-0.0621993905	-0.0387047788	0.0	0.00254439	0.0817461	-0.0328709	-0.000443652	6.74983e-06	-0.000158872
0.14296616455640346	0.42947558297967225	1.40192127	23.19758415	0.97003794	0.02953614	0.046863024100000004	-0.028708009	-0.0007675755	-0.0052867749	-0.0281365262	-0.0477830104	0.0470765462	0.0200360466	-0.0040984981	-0.012393719199999998	-0.0069964998	-0.021567635800000002	0.0328764609	-0.0280073444	-0.062312708	-0.0374844866	0.0	0.00419038	0.0885035	-0.0205299	-0.000619487	6.74983e-06	-0.000158872
0.12553627411095195	0.3024187294976489	1.23360741	20.41249657	0.91467375	0.014263439999999988	0.0279030498	0.043013217400000005	0.0079047425	-0.020342511599999998	0.0468483684	0.0197348499	0.0168454847	-0.046197948899999994	-0.0033071567999999997	0.0088133382	-0.0139578742	-0.021963847999999998	0.0325486104	-0.0286930623	-0.062404828899999994	-0.0362415267	0.0	0.00274794	0.0817423	-0.0224251	-0.000702779	6.74983e-06	-0.000158872
0.03465695207702873	0.2394365069441561	1.37538111	22.75842476	0.99902874	0.037829088	-0.07553093940000001	-0.0007421301	0.0019906259	0.0273582389	-0.0276694298	-0.037493972599999995	-0.0766381376	0.018668991200000002	-0.0068627881	-0.0063734905000000005	-0.0067270768000000005	0.024425560899999997	0.0322195296	-0.0293744423	-0.062475722000000004	-0.0349766507	0.0	-0.000263248	0.0556885	-0.0270246	-0.000619487	6.74983e-06	-0.000158872
-0.044313310426598064	0.4558458386494998	1.65183616	27.3329258	1.02839911	0.039923608000000006	0.044905515300000004	-0.0495045782	0.0051524911999999996	-0.062644009	-0.0121074654	-0.0337380918	0.0520829732	0.0370133254	-0.0002251613	-0.026276207000000003	0.0023166114000000002	-0.0632906025	0.0318892311	-0.0300513812	-0.0625253631	-0.0336906236	0.0	0.00411176	0.0656207	-0.0342999	-0.000252665	6.74983e-06	-0.000158872
0.1857687992642898	0.6052227673301888	1.31912196	21.82750511	0.95330745	0.033964478499999985	0.0297051232	0.0368790983	0.0018295770000000002	0.054892235	0.0739243121	0.0221578919	0.024554296	-0.0429617283	-0.0074604358	-0.022586394	-0.0206094912	0.030693784900000003	0.0315577273	-0.0307237767	-0.0625537354	-0.032384223	0.0	0.00393758	0.0662217	-0.0535015	-0.000373447	5.98528e-05	-0.000264741
0.034285255470762464	0.5045045027272362	1.29718339	21.46448708	0.98707688	0.04802022000000001	-0.0607354357	0.007840766400000001	-0.0236162869	0.033347414900000004	-0.0426835193	-0.0582266596	-0.0650185193	0.0037144182	-0.0208762248	-0.036769268199999997	0.020361300500000002	0.0205364778	0.031225030600000002	-0.031391527200000005	-0.0625608291	-0.0310582389	0.0	0.00366405	0.0821589	-0.0445682	-0.000245185	-0.00016354	-0.000158872
0.08841714929052462	0.6953958554733083	1.55178952	25.67745399	1.01947224	0.07159844	0.034307684	-0.0534325367	-0.030505352000000003	-0.036165045800000004	-0.0036692777	-0.0158436496	0.0451675216	0.0474104555	-0.0263422281	-0.0208553415	0.0106677917	-0.0452053037	0.030891153799999998	-0.0320545318	-0.0625466419	-0.0297134733	0.0	0.00608489	0.103919	-0.0199932	-0.000672246	-0.000193329	-0.000158872
0.08890456168249111	0.608562578986232	1.23247433	20.39374733	0.93943715	0.01979434	0.0425988622	0.0351871756	-0.0237271277	0.030375419900000002	0.061398883700000004	0.0184438435	0.0344994875	-0.0406055201	-0.0173594701	-0.0289604018	-0.027704247999999997	0.0349830889	0.030556109300000002	-0.0327126902	-0.06251117860000001	-0.0283507392	0.0	0.00137885	0.09373790000000003	-0.0200191	-0.000619487	-0.000148462	-0.000158872
0.12101390340680325	0.5918996932756239	1.41601801	23.43084335	0.99437964	0.0711943815	-0.0576883474	0.0306797332	-0.0291447996	0.0052879569	-0.0519063104	-0.04411468019999999	-0.06898376070000001	-0.015805279199999998	-0.0377790491	-0.0280835926	-0.0037364938	-0.0186560942	0.03021991	-0.0333659028	-0.0624544513	-0.0269708608	0.0	0.00432414	0.0577343	-0.044504	-0.000619487	6.74983e-06	-0.000158872
0.021479027797016603	0.6627746795029271	1.74973238	28.95281219	1.05633879	0.007345160000000003	0.0326657342	-0.055209727300000004	-0.023443844	-0.07203875280000001	0.045912857	-0.012628118700000001	0.040344862999999995	0.0504019462	-0.0109999217	-0.0534888537	-0.0127558294	-0.0766711934	0.0298825684	-0.034014071	-0.0623764792	-0.0255746725	0.0	0.00221618	0.0539663	-0.0430348	-0.000619487	6.74983e-06	-0.000158872
-0.1548662124385983	0.6699614507081618	1.3379364	22.13882637	0.97903103	0.02845645	0.033215675699999996	0.030542456200000002	-0.013407432	0.08418740150000001	0.0706457933	0.0079632852	0.0310618824	-0.0415560152	-0.0184175296	-0.025415068399999997	0.0104098417	0.0655297602	0.0295440973	-0.0346570967	-0.0622772889	-0.0241630186	0.0	0.00401353	0.07946269999999998	-0.0441975	-0.000619487	6.74983e-06	-0.000158872
-0.1415489369449599	0.5920892233947349	1.32456851	21.91762924	1.00172627	0.0663530015	-0.059124271	0.021711332599999997	-0.015205863799999999	0.0102060114	-0.0364194776	-0.0542674954	-0.0651099993	-0.0060131790000000004	-0.024042580499999997	-0.022829549900000003	0.03078481	0.0130438979	0.0292045096	-0.035294882799999996	-0.0621569141	-0.0227367528	0.0	-0.00691608	0.0968216	-0.0279864	-0.000520447	-0.000331278	-0.000158872
-0.19849664735256825	0.5707661562439116	1.61487854	26.72138786	1.02819896	0.06227814	0.011395066899999999	-0.0650422115	-0.0240757617	-0.0068627819999999996	-0.0018796961	0.0275000198	0.026345377000000003	0.0598817376	-0.0249631432	0.0076508631	0.0268870467	-0.0133789065	0.028863818	-0.0359273327	-0.0620153957	-0.021296737599999997	0.0	0.00647765	0.0968063	-0.00444554	-0.000932555	-0.000425735	-0.000158872
-0.3475707551325733	0.35386550855891097	1.42981029	23.65906334	1.03406751	0.04147653	0.0566045466	0.0029795597	0.0034575632	0.019938989	0.0181846802	0.0364043576	0.0555778933	-0.0202136859	0.0132297544	-0.0364016189	0.0518772319	0.052092491799999995	0.028522035499999997	-0.0365543509	-0.061852782	-0.0198438438	0.0	0.00426584	0.071384	-0.00799931	-0.000752973	-0.000451926	-0.000158872
-0.2442756239347863	0.3832825103568999	1.32236111	21.88110352	0.99335891	0.064819925	0.008787038	0.0605289691	0.013983166399999998	0.0039934507	0.0258403904	0.0412774289	-0.0014163206	-0.062334718899999995	0.0088887493	-0.0633362121	0.0554962616	0.0242508045	0.028179174900000003	-0.037175842599999995	-0.061669128200000006	-0.0183789499	0.0	0.00498874	0.0454822	-0.0279865	-0.000463475	-0.000440324	-9.58113e-05
-0.5659313411847922	0.5246011445976551	1.37508345	22.75349998	1.21283603	0.137254525	-0.0557610837	0.012117043000000001	0.0033419027	-0.0424899163	-0.0389240593	0.05309799230000001	-0.059440223099999995	-0.007087660500000001	5.2048e-05	-0.0768796027	0.1346967727	-0.0120533567	0.0278352493	-0.0377917138	-0.0614644968	-0.0169029419	0.0	-0.0222944	0.0746012	-0.0245937	0.000313688	-0.000306648	-0.000734164
-0.08153863165176181	1.1022713515575142	1.55611086	25.74895859	1.19581592	0.11367522149999998	-0.019121604	-0.0478781264	-0.031133618300000002	-0.0154603348	-0.0564996119	0.0386141844	-0.0031874759000000003	0.0579465804	-0.0384669254	-0.041460073300000004	0.0532021388	-0.0482372703	0.0274902715	-0.0384018715	-0.0612389574	-0.0154167123	0.0	-0.00699287	0.128767	-0.045815	0.000167355	6.74983e-06	-0.0007341649999999998
0.6864462313112044	1.939501846023564	1.39484966	23.08057022	1.14821017	0.10955923	0.0313281733	-0.055886388499999995	-0.0526711541	0.0246730979	0.0171143737	0.0452600395	0.048891232300000004	0.0459010317	-0.0751556576	-0.0116886175	-0.0313814273	-0.0375486971	0.027144254700000002	-0.039006223199999995	-0.0609925867	-0.0139211599	0.0	-0.00692219	0.07426299999999998	-0.045713	-0.000474429	6.74983e-06	-0.000278298
0.6267284368242801	1.8554215384027055	1.2781198	21.14904213	0.99073225	0.06665922000000002	0.057788460199999996	0.014324353799999998	-0.0708606342	-0.0048411910999999995	0.0193184501	-0.0246918354	0.052807737199999996	-0.0214679721	-0.0778845366	-0.048877417699999995	-0.0603150724	-0.0009597421000000001	0.0267972119	-0.039604677799999995	-0.0607254685	-0.012417188999999999	0.0	-0.00693636	0.0502334	-0.0668768	-0.000140708	6.74983e-06	-0.00037361
0.5804543744872935	1.7053454170720148	1.16087508	19.20899391	0.95950907	0.043832251	0.0041563081	0.06360934879999999	-0.0807235531	-0.0588804307	0.057236360599999994	-0.0385890246	-0.0120072693	-0.0595679234	-0.0746469861	-0.0407232794	-0.1162738672	-0.0524775769	0.0264491563	-0.0401971447	-0.0604376938	-0.010905709199999999	0.0	-0.000333159	0.0705	-0.0642669	-0.00041357	6.74983e-06	-0.000387799
0.3923381952571056	1.2976081180918997	1.51824415	25.1223793	1.05372405	0.045788629	-0.0702352475	-0.0248704453	-0.0836168616	0.0570630348	0.0344543736	-0.0706026951	-0.06270542679999999	0.0459202305	-0.060996779699999996	-0.0344554006	-0.09020480289999999	0.056974095	0.026100101	-0.0407835344	-0.060129360300000004	-0.0093876345	0.0	0.00316382	0.08233229999999998	-0.0352614	-0.00041357	6.74983e-06	-0.000358722
0.3592239506366037	1.1568596241514435	1.6734004	27.68974876	1.05182874	0.07656802	0.0466425354	-0.039765552200000005	-0.0786678351	-0.0397737134	0.0166529524	-0.076302633	0.04958333400000001	0.0316665114	-0.049903120499999995	-0.021418502000000002	-0.0998726212	-0.0048978793	0.025750059199999998	-0.0413637581	-0.0598005729	-0.007863882800000001	0.0	0.00653691	0.109435	-0.00454002	-0.000590954	6.74983e-06	-0.000228689
0.3177380668742029	0.7756497912425578	1.31930375	21.830513	0.97243106	0.018212459500000007	0.0304212466	0.030309102	-0.0620092234	0.0231616577	0.0667707055	-0.0358406943	0.0235742706	-0.0330767109	-0.0362943511	-0.010812398300000001	-0.10544954710000001	0.0697069871	0.0253990441	-0.041937728199999996	-0.0594514436	-0.0063353757	0.0	0.000978477	0.109426	-0.00421447	-0.00065584	-5.34137e-05	-0.000107349
0.1209433139782106	0.3733759605688448	1.1607722	19.20729256	0.95899224	0.0307851495	-0.0338235859	0.0482239075	-0.0460363938	-0.0098619429	0.0293065589	-0.0552956261	-0.0436269357	-0.0280511287	-0.0232419947	0.0069977138	-0.0911278372	0.0089147393	0.025047068999999998	-0.0425053579	-0.059082091100000005	-0.0048030375	0.0	0.00228089	0.0932644	-0.00418136	-0.000800557	6.74983e-06	-0.000168229
0.1671793171689005	0.11838163355411048	1.33876944	22.15261078	1.0367626	0.04142728	-0.0484537804	-0.047607009299999996	-0.023189844900000003	0.0198013976	0.054885443799999996	0.0064969358999999996	-0.030146278999999998	0.059640671799999996	0.0005822846	0.0113840075	-0.0793437316	0.0433780738	0.024694147200000002	-0.043066561399999995	-0.058692640899999995	-0.0032677947	0.0	0.0016102899999999997	0.0674801	-0.00422614	-0.000506418	6.74983e-06	-0.000163816
0.2498407749926944	0.1925474415945093	1.36701596	22.62000656	0.98507255	0.03316892	0.046232226900000006	-0.0272182246	0.0121185356	0.0067277833	-0.0259952852	-0.0581270816	0.0444772091	0.015339781200000001	0.0175028923	0.0183578745	-0.0693487249	-0.0011473445	0.024340292000000003	-0.0436212537	-0.0582832257	-0.0017305757999999999	0.0	0.0027318	0.0853121	-0.0131549	-0.000431277	6.74983e-06	-0.000194408
0.2472281486920101	-0.026726185343700776	1.44217718	23.86369896	0.93717551	0.03243379	0.0177727468	0.041997628499999995	0.0329766747	-0.044036518499999996	0.04700243269999999	-0.0244193719	0.00017757599999999998	-0.0521219424	0.020968251	0.0295419606	-0.068890729	-0.0404087702	0.0239855169	-0.0441693512	-0.0578539846	-0.0001923104	0.0	0.00332859	0.09032150000000001	-0.0351577	-0.000431277	6.74983e-06	-0.000290904
0.06842743226463957	-0.2481439595562044	1.73679256	28.73869896	1.02583456	0.015581640000000006	-0.0700501337	-0.0358782208	0.03712659	0.07168917030000001	0.086031695	-0.0360401713	-0.053531930400000004	0.0490824596	0.030825776099999997	0.0305845596	-0.0698403425	0.0367943605	0.023629835099999996	-0.0447107708	-0.0574050637	0.0013460713	0.0	0.0032679	0.0864836	-0.0256548	-0.000431277	6.74983e-06	-0.000334507
0.01922214522398019	-0.5094178943344131	1.48334384	24.54488373	1.03871763	0.05533368	0.0469881833	-0.0329133238	0.049170402	0.01176128	-0.0228271473	-0.0850244154	0.0465722536	0.013043131299999998	0.0495596519	0.0313497944	-0.0482644639	6.88921e-05	0.0232732602	-0.0452454308	-0.0569366156	0.0028836389000000003	0.0	0.00277262	0.10904	-0.00848755	-0.000131304	6.74983e-06	-0.000332185
0.05878999588127672	-0.8035399753563585	1.41722643	23.45083809	0.97101146	0.03767221	0.0086455892	0.0438982176	0.062209480899999996	-0.028775807799999997	0.0358197987	-0.0333463285	0.00016805799999999998	-0.0545320113	0.049459554100000004	0.038864011600000005	-0.0513784491	-0.0276289971	0.0229158057	-0.045773250300000005	-0.056448799800000005	0.0044194628	0.0	0.00583263	0.105138	-0.0309515	-0.000257201	6.74983e-06	-0.000293157
-0.07282721084756649	-1.0223687909227333	1.45150042	24.01797104	1.03162646	0.04017814	-0.0694223259	-0.032606720299999996	0.0640319588	0.021977724700000003	0.0427157888	-0.0139647181	-0.057798000700000005	0.041735543	0.0682033976	0.040703665800000004	-0.0201644609	0.0327685244	0.022557485	-0.0462941495	-0.0559417821	0.0059526142	0.0	-0.00169513	0.0847668	-0.0310147	-5.20674e-05	6.74983e-06	-0.000332343
-0.058642845323247025	-1.004526384509417	1.48147929	24.51403046	1.01785553	0.04734842	0.043370184000000006	-0.032350226600000004	0.0752118817	-0.0159539006	-0.0447654526	-0.0535364387	0.0443499632	0.0125715658	0.067165292	0.041347652	0.0049388067	-0.0274734649	0.022198311800000002	-0.0468080497	-0.055415735	0.007482165799999999	0.0	0.00554851	0.102151	-0.0146449	-9.7172e-05	6.74983e-06	-0.000250432
-0.1902984188678058	-1.1688406607714277	1.40110087	23.18400955	0.9846459	0.07289424000000001	0.017304048	0.0433604451	0.07808736570000001	-0.0394520312	0.0299306121	0.0198887649	0.0023407275	-0.057232157400000004	0.0691786388	0.0433814108	0.016760311	-0.032203607200000005	0.0218382995	-0.047314873099999995	-0.0548708376	0.009007192800000001	0.0	0.00488117	0.0659705	-0.0309205	-0.000431277	6.74983e-06	-0.000311743
-0.3432092081973687	-1.1757305489090268	1.4570024	24.1090126	1.01597917	0.01769976	-0.070260817	-0.031293076600000004	0.0642945116	0.028785191600000003	-0.0009131855999999999	-0.0035332728000000003	-0.0572101812	0.0481283871	0.0720640438	0.0276288882	0.034109919	0.0283248384	0.0214774617	-0.047814543200000004	-0.054307275	0.010526773	0.0	0.00639083	0.0807379	-0.0309205	-0.000431278	6.74983e-06	-0.00028329
-0.29414940738644113	-0.9787674650729516	1.45628345	24.09711456	1.02039993	0.03867336	0.0544672037	-0.0216671419	0.0443963496	-0.002191432	-0.0606822001	-0.0367486671	0.0506546538	0.012126989099999999	0.0611626394	0.011773056399999999	0.05717885599999999	-0.011102460900000001	0.0211158122	-0.0483069844	-0.0537252391	0.0120399874	0.0	0.00676819	0.0968097	-0.0165018	-0.000431278	6.74983e-06	-0.0004394
-0.32663443623364163	-0.9023407188339356	1.32362223	21.90196991	0.95209157	0.0431388015	0.0148819643	0.0577416385	0.029611725	-0.044199097300000004	0.030651541	0.0130867616	0.0009319201	-0.0629217881	0.060544129800000006	0.0087609488	0.0339327064	-0.0408468866	0.0207533646	-0.048792122199999996	-0.0531249278	0.013545921	0.0	0.00485833	0.0807427	-0.0144245	-0.000268478	-0.00011640100000000003	-0.000263658
-0.2562273392793105	-1.005471917478617	1.43564188	23.75555992	1.0078274	0.034737095	-0.0697689304	-0.0229856899	0.0159616134	0.017186396200000002	-0.0035281398	-0.0093180374	-0.0642480637	0.0386053496	0.049523577699999995	0.008248321	0.045694746900000006	0.0349154356	0.0203901326	-0.0492698833	-0.052506545300000006	0.015043663	0.0	0.00486875	0.0807374	-0.0309222	-0.000431278	-0.000126807	-7.239049999999998e-05
-0.19655527730182604	-0.7432967485086339	1.52639854	25.25730896	1.01832712	0.0752773565	0.0489035797	-0.0288893605	0.017339421299999998	-0.0491042475	-0.0706330912	-0.0417198089	0.0456281162	0.017287095500000002	0.0544861105	0.0162781309	0.0605240585	-0.0496936144	0.0200261298	-0.0497401955	-0.051870302	0.0165323078	0.0	0.00359041	0.109903	-0.0115048	-0.000431278	6.74983e-06	-0.000447154
-0.12772889314605165	-0.8192014119560577	1.22370744	20.24868202	0.9265812	0.06067564150000001	0.0297429044	0.04476326059999999	0.0175554139	-0.014798204099999998	0.044829288499999995	0.0283572244	0.019093800600000002	-0.0484647796	0.045709330599999994	0.028413471000000003	0.031110992	0.0046561137	0.0196613702	-0.0502029876	-0.0512164143	0.0180109551	0.0	0.00779456	0.0932817	-0.010884	-0.000749587	-0.000283544	-0.000271169
-0.01103606997627614	-0.91042077443513	1.29404569	21.41256714	0.96307689	0.025679799999999992	-0.0652303313	0.0227415067	0.022729811000000003	0.0203227775	-0.0347989099	-0.015791441	-0.07503965809999999	-0.005259808299999999	0.0552905601	0.0302266814	0.026503025099999997	0.0346498639	0.0192958674	-0.0506581898	-0.0505451046	0.0194787108	0.0	0.00721763	0.08823169999999998	-0.007233029999999999	-0.000593607	-0.000175864	-0.000206791
-0.10760902743004493	-0.7204766016833991	1.6305362	26.98047447	1.0175128	0.03426801999999999	0.0262058137	-0.0529759897	0.0487489433	-0.0915896922	-0.0279944275	0.0016547291	0.0316812988	0.0466553464	0.06408794849999999	0.0319256292	0.029813558799999997	-0.0718090604	0.0189296353	-0.051105733099999995	-0.0498566013	0.0209346873	0.0	0.00349998	0.0747686	-0.0128553	-0.000431278	-0.000149164	-0.000247062
-0.06512529879473654	-0.7104225853219542	1.2497921	20.68030357	0.94379878	0.0255104615	0.0438462922	0.0228569492	0.06358236440000001	0.059775786399999996	0.0228103839	0.0052661877	0.0330990854	-0.0349889627	0.0664041917	0.0416490037	0.0124956119	0.049856864800000004	0.0185626877	-0.0515455499	-0.049151138600000005	0.0223780041	0.0	0.0105072	0.0792395	-0.0121814	-0.000321319	6.74983e-06	-0.000248358
0.018963404564922383	-0.8045868673076302	1.41443729	23.40468788	0.97858721	0.026426280000000007	-0.061743474000000007	0.039192642400000005	0.0771150337	0.0111884758	-0.0348646348	-0.023042269	-0.0727253834	-0.0264133258	0.057856488	0.043381224	0.013370291599999999	-0.0013703855	0.0181950385	-0.051977573799999996	-0.048428956399999994	0.0238077885	0.0	0.00861347	0.0755903	-0.0268812	-0.000431278	6.74983e-06	-0.000234646
-0.012148092286652694	-0.5679380594172891	1.74032426	28.79713631	1.045977	0.050726398499999985	0.0203924823	-0.0591215654	0.0723066461	-0.1013136416	-0.0003575547	0.014531244799999999	0.02834037	0.052926036399999994	0.0582203013	0.0392832684	-0.006866805300000001	-0.0868604797	0.017826701599999998	-0.0524017393	-0.0476903005	0.0252231757	0.0	0.00812624	0.08514489999999998	-0.007336439999999999	-0.000232052	0.000100543	-0.000364423
0.1494415783776787	-0.6012581809933066	1.26380348	20.91214943	0.95049769	0.0336603485	0.044434174800000004	0.0181724682	0.0785179104	0.039609043	0.0345762837	0.011827148000000001	0.0374917668	-0.0382312624	0.055627647800000006	0.05146223900000001	-0.0163490873	0.0380392085	0.0174576908	-0.052817982400000005	-0.046935422000000004	0.026623309900000003	0.0	0.00831767	0.102934	-0.012530500000000003	-0.000266366	6.74983e-06	-0.000282815
0.17217407039505178	-0.674766954049304	1.35359573	22.39794159	0.97407126	0.022226481499999992	-0.0566147496	0.034666617000000004	0.067244125	0.0173460036	-0.009202915	-0.02851593	-0.0651308851	-0.028025053199999997	0.043648252	0.0496574688	-0.021033861400000003	0.0412862837	0.0170880203	-0.0532262402	-0.0461645778	0.0280073444	0.0	0.00720258	0.102928	-0.0153562	-0.000431278	-0.00017189	-0.000260773
-0.10239789087717346	-0.7497596424242441	1.63422585	27.04152679	1.01814651	0.054774901500000014	0.005422039	-0.06856073809999999	0.0685457411	-0.0670096741	0.0017952953	0.019998193	0.015650336299999998	0.0527818729	0.0631812116	0.0647615361	-0.012528311299999999	-0.0460007197	0.016717703799999997	-0.0536264509	-0.0453780301	0.0293744423	0.0	0.00621199	0.0899972	-0.00171293	-0.000774829	6.74983e-06	-0.000238759
-0.028054358652878756	-0.7169959379899624	1.29733205	21.46694756	0.95299423	0.025097520000000005	0.0461372233	0.007627704200000001	0.0704866656	0.0698025047	0.0084013315	0.0007729247	0.043317883099999996	-0.025832407400000004	0.0553658104	0.0479755188	-0.009087194	0.0674335534	0.0163467555	-0.054018554	-0.0445760465	0.0307237767	0.0	0.00677524	0.08566709999999998	-0.016379	-0.000880708	6.74983e-06	-0.000233876
-0.07867921786705588	-0.7123098337245231	1.34569275	22.26717186	0.96478415	0.060960989999999986	-0.030791556600000002	0.0647764312	0.0682945297	-0.0434743838	-0.009869080799999999	-0.0184268281	-0.052809214800000004	-0.055229676299999995	0.057593939000000004	0.029081021800000002	-0.0240547317	-0.0347492255	0.015975189299999998	-0.054402490199999994	-0.0437588996	0.0320545318	0.0	0.007495779999999999	0.0641357	-0.0272987	-0.00034356	6.74983e-06	-0.000252515
-0.15683610388194652	-0.5317433017003563	1.65309906	27.35382271	1.03217149	0.02139179	-0.0200301242	-0.07212827570000001	0.0514582098	-0.057113209500000005	0.0370227279	0.030622881299999998	-0.0044881621	0.071735341	0.0600751014	0.026568298100000002	0.0014072935999999998	-0.050516744	0.0156030194	-0.0547782016	-0.042926867599999995	0.0333659028	0.0	0.00795197	0.0666086	-0.0129226	-0.000414366	6.74983e-06	-0.000263441
-0.12676787674216308	-0.4199643894279776	1.37193799	22.70145035	0.96915442	0.020782609999999997	0.0474905912	0.0026298134	0.050461242999999996	0.0729281309	-0.0249502878	-0.033474899700000005	0.0467079325	-0.021854755099999998	0.050635077800000004	0.0140085992	0.0039878182	0.058185144800000005	0.015230259599999999	-0.0551456312	-0.0420802334	0.0346570967	0.0	0.008010929999999998	0.0695049	-0.0248226	-0.000431969	6.74983e-06	-0.000364385
-0.06299823886893707	-0.4701786815699287	1.32104909	21.85939217	0.94743186	0.029569158500000005	-0.0244704864	0.0669128549	0.0365882391	-0.0569674216	-0.0082165546	-0.0277713411	-0.0448383525	-0.0608558247	0.0414759911	0.0193388858	0.016001846299999997	-0.0512578575	0.0148569242	-0.0555047235	-0.041219285	0.0359273327	0.0	0.00945798	0.0803678	-0.030929	-0.000307749	7.9778e-05	-0.000338577
-0.06625542767034584	-0.4141517894834279	1.76507461	29.2066803	1.03502631	0.06775231	-0.0282956233	-0.0669167813	0.03373542	-0.024730129500000003	0.0687681232	0.043731616900000006	-0.0116716357	0.0691038691	0.040772381499999996	0.053922698	-0.0106454107	-0.021833175299999997	0.0144830273	-0.0558554243	-0.0403443154	0.037175842599999995	0.0	0.00386578	0.0813254	-0.00333584	-0.000631505	-0.000122134	-0.000192058
-0.07691741186194141	-0.4907613895443962	1.3483963	22.31190681	0.98951232	0.05393004149999999	0.0416048523	-0.0018473683	0.029747206499999998	0.053338904699999995	-0.0197744911	-0.0323097635	0.0400221043	-0.0116148394	0.044164712099999996	0.0335476351	-0.0147885755	0.057605637300000005	0.0141085829	-0.0561976805	-0.039455622	0.0384018715	0.0	0.00668662	0.107554	-0.0101587	-0.0008252589999999998	6.74983e-06	-0.000230575
0.033583007286471525	-0.615793401317148	1.28509617	21.26448059	0.92280072	0.04356551	-0.006291872	0.0604115465	0.038533007200000004	-0.0508435476	0.0211507455	0.012458449299999999	-0.020102201	-0.0569502995	0.033879646	0.0528577417	-0.0096813388	-0.053277248799999996	0.0137336053	-0.0565314404	-0.0385535073	0.039604677799999995	0.0	0.007801319999999999	0.0768283	-0.00624844	-0.000946374	6.74983e-06	-0.000195393
-0.15805524560639614	-0.5975919605989959	1.37785697	22.7993927	0.99936205	0.0235359165	-0.0652285935	-0.0346038512	0.0339699636	0.012341267099999999	0.0043248589	0.0447671434	-0.049394723200000004	0.0448360832	0.0296671002	0.047629898	0.011188574199999999	0.0314446522	0.013358108600000002	-0.05685665349999999	-0.037638278	0.0407835344	0.0	0.008178569999999998	0.08181399999999998	-0.00671699	-0.000880708	-0.00013071	-4.44305e-05
-0.07081279001214158	-0.2822112606599325	1.36181521	22.5339489	0.98926771	0.018730525000000005	0.046102822	-0.042405184299999996	0.0304694642	-0.010697924499999999	-0.0505191125	-0.0036385894	0.0532714633	0.025434486099999997	0.0293053813	0.0388114956	0.0337455725	-0.0036305753999999997	0.012982107	-0.0571732707	-0.036710245600000004	0.041937728199999996	0.0	0.00961303	0.08153929999999998	0.00132154	-0.000880708	-9.48478e-05	-0.000188225
0.10973776087115944	0.06993874304609053	1.13410521	18.76603317	0.93302768	0.038421891500000006	0.032959986000000004	0.029648169199999998	0.0237741725	0.0652757783	0.0278893152	0.032522130499999996	0.0294572294	-0.0312165902	0.0263721999	0.0261062179	0.0070773724	0.0680334544	0.0126056147	-0.0574812441	-0.0357697257	0.043066561399999995	0.0	0.00727192	0.0662859	-0.00673111	-0.0007313569999999998	6.74983e-06	-0.000192771
0.1508556308746108	0.3300301160351507	1.25310946	20.73519707	0.98083627	0.01701901000000001	-0.045997242599999995	0.05969346230000001	0.0061312838	-0.0366875651	-0.05358399480000001	-0.0218054656	-0.0604899095	-0.049844689000000005	0.0047677012	-0.0012327894000000001	0.0273152499	-0.0408579993	0.012228646000000001	-0.0577805271	-0.0348170382	0.0441693512	0.0	0.00732965	0.0662921	-0.00676879	-0.000448661	6.74983e-06	-0.000248423
0.16205505815285778	0.6535861807450778	1.63490438	27.05275536	1.03978741	0.030383710000000005	-0.0245300547	-0.07982638269999999	-0.028472357099999998	-0.0287233482	0.0400673988	0.045684252	0.0017909701	0.0808821608	-0.0056244306999999995	-0.0128598184	-0.0038787215999999997	-0.0416352389	0.0118512151	-0.058071074400000006	-0.0338525072	0.0452454308	0.0	0.0184472	0.0662894	-0.0240143	-0.000438241	6.74983e-06	-0.000278362
0.3718411224455483	0.8228980351107027	1.33559811	22.1001358	0.98325664	0.03870954	0.04293752940000001	0.0043144593	-0.026648024300000003	0.0652372761	-0.0076786325	-0.055909949199999996	0.042714258	-0.0076634153	-0.017304446	-0.0132447426	-0.05218585110000001	0.0521051783	0.011473336200000002	-0.0583528422	-0.0328764609	0.0462941495	0.0	0.00703531	0.07627259999999998	-0.0405633	-0.000425175	6.74983e-06	-0.000280605
0.32892031978322994	0.5293565558656605	1.25537348	20.7726593	0.9535054	0.03302595999999999	-0.0162088307	0.0618253166	-0.0202375167	-0.0718615589	0.0270264356	-0.0303988579	-0.0333478189	-0.057625707400000004	-0.0271623691	0.0076280565	-0.074759886	-0.0473891462	0.011095023600000002	-0.058625787900000004	-0.0318892311	0.047314873099999995	0.0	0.00845997	0.10286600000000001	-0.0405616	-0.000494839	6.74983e-06	-0.000250145
0.35667119126698105	0.3882596449790375	1.59993243	26.47407341	1.01807857	0.04801319	-0.043832276100000005	-0.0557418608	-0.0193906696	0.0194909623	0.0632433751	0.0289962992	-0.023835686800000002	0.0677627904	-0.0038054	0.019619633	-0.07936255860000001	0.0276166102	0.0107162918	-0.0588898701	-0.030891153799999998	0.0483069844	0.0	0.00662788	0.11566100000000003	-0.0158666	-0.000639555	6.74983e-06	-0.000221039
0.2655846884296149	0.34130991066349875	1.35977399	22.50017357	0.98276067	0.020053120000000008	0.046482657999999996	-0.0155162546	0.0006267499	0.024133807400000002	-0.0198722087	-0.0474645071	0.050738891200000004	0.0048371289	0.0083073775	0.029398558199999997	-0.0834496176	0.042156386799999994	0.0103371548	-0.059145049000000005	-0.0298825684	0.0492698833	0.0	0.0068553	0.0978602	-0.0148912	-0.000655272	6.74983e-06	-0.000215766
0.08867929268807706	-0.024368126207638462	1.45204139	24.02692223	0.94843751	0.05173415000000001	-0.0105936296	0.0594486662	0.0121468347	-0.05343395769999999	0.002139688	-0.00024264900000000003	-0.0248829008	-0.054604947699999996	0.0111448034	0.023804573500000002	-0.06890946190000001	-0.0273998571	0.0099576272	-0.059391285999999995	-0.028863818	0.0502029876	0.0	0.0105307	0.07221719999999998	-0.0236891	-0.000429271	6.74983e-06	-0.000262122
-0.09635986793934424	-0.10887061346349154	1.56610167	25.91427612	1.00828838	0.03505838	-0.05620314269999999	-0.0483090383	0.0167307279	0.031513824700000005	0.0701421679	0.0532437474	-0.0330635258	0.0579684896	0.023177942599999998	0.020368918899999998	-0.0432713472	0.073446804	0.009577723100000001	-0.059628543799999996	-0.0278352493	0.051105733099999995	0.0	0.009509320000000003	0.092357	-0.0137022	-0.000406786	6.74983e-06	-0.000206401
0.03047714124810047	-0.10671227833946116	1.42198241	23.52953529	0.99482316	0.028437318500000006	0.0512023798	-0.0147136315	0.024706451	0.0219103652	-0.0635796594	-0.020018810800000002	0.0509540566	0.0032011306	0.0211006785	0.035907715	-0.0186769918	0.033464374500000005	0.009197457099999999	-0.0598567866	-0.0267972119	0.051977573799999996	0.0	0.00766099	0.105117	-0.0194679	-0.000497565	6.57916e-05	-0.000194956
0.034041572242265186	-0.2317026588966748	1.27219355	21.05098152	0.92682296	0.03143746849999999	0.015972935	0.052052147300000004	0.032384094	-0.044685891900000003	0.0427750322	0.04165305	0.0026451927	-0.057300976100000005	0.024738076600000002	0.0345294674	-0.0119694302	-0.014030701599999999	0.0088168435	-0.0600759799	-0.025750059199999998	0.052817982400000005	0.0	0.008343319999999998	0.103068	-0.0241318	-0.000701298	6.74983e-06	-0.000413026
-0.16280689419459204	-0.3213028744579573	1.31785178	21.80648613	0.98300785	0.02311138	-0.0733458429	-0.0016771318	0.025614171800000002	0.0175948348	-0.0470289342	0.0027183267	-0.072022237	0.0169074347	0.0254051752	0.0189254353	0.0353400243	0.040158227799999995	0.0084358965	-0.0602860905	-0.024694147200000002	0.0536264509	0.0	0.00750869	0.09775420000000003	-0.0196062	-0.000741232	6.74983e-06	-0.000204213
-0.30845868203255045	-0.1194018814764992	1.52884424	25.29777908	0.99320364	0.030229160000000005	0.0315519969	-0.059635196200000004	0.0158977297	-0.052425485099999995	-0.017680726299999998	0.0302529613	0.0394445959	0.0447537483	0.0306816541	0.0161189255	0.049139611799999997	-0.024916629300000003	0.0080546308	-0.060487086600000003	-0.023629835099999996	0.054402490199999994	0.0	0.012853	0.103521	-0.0107602	-0.000880708	6.74983e-06	-0.000138248
-0.12234494290204095	-0.03477490350120102	1.20867896	20.00000572	0.91546291	0.018528100000000002	0.041128255499999995	0.0178175479	0.0105928517	0.060507894900000005	-0.0094553894	0.0345886078	0.0415134792	-0.023386143300000002	0.016601948000000002	0.028946242999999997	0.0360567828	0.0595921571	0.007673060600000001	-0.060678937999999995	-0.022557485	0.0551456312	0.0	0.00821345	0.0953208	-0.0114462	-0.000972554	6.74983e-06	-0.000130047
-0.07382227750783436	0.09117845956043304	1.18121421	19.54554558	0.93917388	0.04965901	-0.007480762199999999	0.0665467947	0.0094704701	-0.0626636428	-0.027703029100000002	0.0302290346	-0.0233869721	-0.06196363269999999	0.0176271953	0.0183057799	0.0163182048	-0.0557877147	0.0072912004	-0.0608616155	-0.0214774617	0.0558554243	0.0	0.00138394	0.0819089	-0.0207957	-0.000633007	6.74983e-06	-0.000191862
0.05081247646998576	0.0901119122445118	1.42536831	23.58556175	1.02094686	0.035027140000000005	-0.0634855768	-0.0415564679	0.0029040062	0.0283776324	-0.0022394616	0.0442289393	-0.0482683585	0.0573930291	0.014140168500000001	0.0040780627	0.0235856603	0.024840957200000003	0.0069090646	-0.0610350916	-0.0203901326	0.0565314404	0.0	0.007293629999999999	0.07513029999999998	-0.0358908	-0.000537247	6.74983e-06	-0.000240977
0.10679365079683567	0.2750818533170718	1.4605583	24.16785049	1.00195229	0.038942700000000004	0.05471932	-0.029942483199999998	0.0044827326	-0.0227373528	-0.0529096266	-0.0150431012	0.057408907599999996	0.0145520151	0.010294581	0.0026097931	0.0228778224	-0.007772013	0.0065266676	-0.06119934	-0.0192958674	0.0571732707	0.0	0.00907018	0.0840815	-0.0405919	-0.000274923	6.74983e-06	-0.00044893
0.3222656771460582	0.34013349871940024	1.2186625	20.16520309	0.91793758	0.0249339235	0.0232437429	0.039039303399999996	0.0103978094	0.0141935025	0.044081678099999994	0.0257292544	0.018076673	-0.0453483305	0.0094847879	0.0085720093	-0.022293512799999998	0.0316057324	0.0061440240000000005	-0.061354335999999995	-0.0181950385	0.0577805271	0.0	0.00525082	0.092125	-0.0405939	-0.000308537	7.19431e-05	-0.000286356
0.19686389452772265	0.2425392516661851	1.22121131	20.20737839	0.95815504	0.030454873499999993	-0.0532562248	0.0315266096	-0.0085250638	0.0174822322	-0.05556750480000001	-0.0435867821	-0.061617694699999996	-0.0176371372	-0.0030110651000000003	0.0002799912	-0.0175829642	0.028467695499999997	0.0057611481	-0.061500055899999996	-0.0170880203	0.0583528422	0.0	0.00651013	0.10303	-0.0494138	-0.000408435	6.74983e-06	-0.000262034
0.2685601164824797	0.251107396877734	1.54889262	25.62951851	0.99981457	0.027557880000000007	-0.020677086	-0.0681581133	-0.0073455961	-0.027472413199999997	0.006160476800000001	0.032506781	-0.0009150200999999999	0.0695066079	-0.0024367957	0.021895630099999997	-0.0543826575	-0.0162940037	0.0053780545	-0.061636478	-0.015975189299999998	0.0588898701	0.0	0.00511115	0.0969215	-0.0320601	-0.000357984	6.74983e-06	-0.000258551
0.2206132609901853	0.3325910784188433	1.31729054	21.79720116	0.95779002	0.02590208	0.0525407329	-0.0038615955	0.0041023689	0.037829263700000004	-0.035561035299999995	-0.0221233254	0.0509569062	-0.0069716267000000005	0.0050789623999999995	0.0076975015	-0.048081037400000005	0.048555147199999996	0.0049947576	-0.061763581399999996	-0.0148569242	0.059391285999999995	0.0	0.00462787	0.08407009999999998	-0.0431517	-0.000344682	6.74983e-06	-0.000242337
0.2063447961417905	0.28542145305433353	1.28501236	21.26309395	0.93194467	0.033040940000000005	0.013045733200000001	0.0560402866	0.007117523299999999	-0.0361377362	0.012457696200000002	0.027569753199999998	-0.0042035397	-0.05859168360000001	-0.0019505701	0.013872188200000002	-0.0352281661	-0.0112641848	0.0046112719	-0.061881347	-0.0137336053	0.0598567866	0.0	0.00591421	0.104938	-0.0344754	-0.000376544	6.74983e-06	-0.000254683
0.28685003893413635	0.2224582299815281	1.42207873	23.53112984	0.99582684	0.038287748499999996	-0.0666038134	-0.011816361599999999	-0.0032681626	0.06115072480000001	0.0139595801	-0.0079203642	-0.0577761174	0.0312676395	-0.0165976833	0.0326774803	-0.0599633122	0.0718523901	0.004227612	-0.061989757	-0.0126056147	0.0602860905	0.0	0.00606702	0.116002	-0.0296333	-0.000726132	7.55436e-05	-0.000228488
0.07602837829256989	-0.01953151132592755	1.49253631	24.69699097	1.02601075	0.05577368999999999	0.0268560467	-0.0487609607	0.0061446897999999995	-0.039006877599999996	-0.0099469528	-0.013405331299999998	0.0332778102	0.0414119503	0.0135285204	0.0082232362	-0.04282847150000001	-0.0220252235	0.0038437921999999996	-0.062088795	-0.011473336200000002	0.060678937999999995	0.0	0.00118557	0.0860028	-0.0194694	-0.000880708	6.62808e-05	-0.000177744
0.17214891499298554	0.03659345160962203	1.18014276	19.52781677	0.94910616	0.0293872285	0.04579746269999999	0.0186867135	0.0274091936	0.0775877422	0.040815424700000005	0.00227307	0.041658036	-0.0248897532	0.0132440004	0.0372300111	-0.04897559730000001	0.0681836363	0.0034598271999999996	-0.062178446	-0.0103371548	0.0610350916	0.0	0.0064164	0.0953351	-0.0179062	-0.000679941	6.74983e-06	-0.000182664
0.05808068967250993	-0.2368516063655224	1.59554505	26.40147591	1.02196467	0.1031553485	-0.04820142559999999	0.0535073737	0.0302685436	-0.030716296400000002	-0.0183863041	-0.0426618026	-0.058061753	-0.0514739467	0.0156529765	0.0026271643	-0.0408570606	-0.034989230499999996	0.0030757314	-0.0622586965	-0.009197457099999999	0.061354335999999995	0.0	0.00767594	0.0580572	-0.0536854	-0.000458566	0.000342676	-0.000202137
-0.3208029695732299	0.042385375648171145	2.56191587	42.39200974	1.20570409	0.08747089999999999	-0.0036475136	-0.0793319892	0.0323531028	-0.0346497296	0.1044398924	0.0035447394	0.0163552583	0.0736973212	0.044191235499999995	0.0058847462	-0.0663008071	-0.031059009300000003	0.0026915193	-0.062329534400000004	-0.0080546308	0.061636478	0.0	0.00481787	0.057001	-0.00376408	-0.000277466	7.96348e-05	-0.000430702
0.20382118268988975	-0.16356067440971025	1.80544281	29.87465286	1.34845412	0.1696491385	0.0532620288	0.0237125653	0.0368006829	0.0778170896	-0.024838410499999998	0.0596401112	0.0579987753	-0.0322532896	-0.0085016585	0.062634057	0.0388143897	0.1213900088	0.0023072055	-0.0623909488	-0.0069090646	0.061881347	0.0	0.008536099999999998	0.159284	0.011809600000000003	-0.000808945	6.74983e-06	-7.35814e-05
-0.2464707935591678	-0.5718956188189073	1.52280939	25.19791985	1.07598794	0.059038415	-0.0238687984	0.052439127599999996	0.0595103729	0.0145429368	0.0022636121	0.0377393316	-0.027103648799999998	-0.050306973	0.0234872688	0.037709810499999996	0.0139058499	0.035789562000000004	0.0019228045000000001	-0.062442930599999995	-0.0057611481	0.062088795	0.0	0.00614504	0.113446	0.00925741	-0.000950325	6.74983e-06	-9.73447e-05
-0.11316513927908432	-0.8102480771957228	1.2786727	21.15819168	1.06327498	0.032050976499999995	-0.0581334381	-0.0224631901	0.0496957503	0.0375665247	-0.0536946616	0.0253095775	-0.050246774400000006	0.0337468547	0.0263940165	0.0480312214	0.0340343671	0.0684376762	0.0015383308	-0.062485471900000006	-0.0046112719	0.0622586965	0.0	0.008909409999999998	0.11450900000000003	-0.00178171	-0.0008006089999999998	-0.000111192	-2.13128e-05
0.2373350575311365	-0.5015747527372327	1.74173284	28.82044411	1.78747797	0.13816044	0.0116287201	-0.0714754047	0.0538160097	-0.013736321499999999	-0.0775955046	0.059979208799999996	0.0285713917	0.0674829557	-0.0188327381	0.1079691468	0.060581241699999996	-0.0285686348	0.0011537989999999998	-0.0625185663	-0.0034598271999999996	0.0623909488	0.0	-0.0070033	0.107211	-0.0084395	2.23416e-05	0.00051884	-0.000734169
0.165186414823538	-0.13163592644970154	1.53879642	25.46245766	1.50289297	0.19527062	0.0665356498	0.012323123500000002	0.034643092599999994	0.0802356367	-0.09882319140000001	0.1679211359	0.062480257000000004	-0.0160893433	-0.06777286440000001	0.1476327568	0.1361828812	0.078795851	0.0007692236	-0.0625422087	-0.0023072055	0.062485471900000006	0.0	-0.0133136	0.0337675	0.0275581	0.000884563	0.000697042	-0.00128413
0.5750937887501428	0.12670777372130315	1.51351058	25.04405212	1.22921467	0.213880385	0.0078587203	0.0718888072	0.0080325346	-0.0080671874	-0.1094907009	0.2060025656	-0.0097816011	-0.0591273247	-0.1295653999	0.2033307448	0.13927683300000002	-0.021591172999999998	0.000384619	-0.0625563955	-0.0011537989999999998	0.0625422087	0.0	-0.0121019	0.136602	0.0441653	-7.98327e-05	0.00026807	-0.000812958
0.8170926313337312	0.7679438166969175	1.62226152	26.84355354	1.46902192	0.2090076435	-0.0680643375	-0.0084590316	-0.026060721499999998	0.0568316396	-0.1104007145	0.1037535785	-0.0678787478	0.0401173648	-0.1298142184	0.18821533640000002	0.0477946526	-0.0040684772	0.0	-0.0625611247	-0.0	0.0625611247	0.0	-0.0298883	0.103094	-0.0254688	0.000949258	6.74983e-06	-0.00128413
1.1144317685913872	1.3621497187284155	1.61186182	26.67147064	1.21709037	0.09843121	0.028055258700000002	-0.05640438019999999	-0.0378733171	-0.022890836499999997	-0.0748417913	0.1129149648	0.039308295099999994	0.06369118780000001	-0.1434587517	0.1832785079	0.015441854199999999	-0.0669168433	-0.000384619	-0.0625563955	0.0011537989999999998	0.0625422087	0.0	-0.0275342	0.0794773	0.00192021	0.00032235	6.74983e-06	-0.00100961
0.5839915147678921	1.0923603843573546	1.97912228	32.74852753	1.77526414	0.12439863	0.0521004333	0.026743686200000002	-0.0374257542	0.0667888917	-0.039796398	0.1254929454	0.0533728089	-0.018164674199999998	-0.1086089002	0.090269549	0.0413422427	0.0922593358	-0.0007692236	-0.0625422087	0.0023072055	0.062485471900000006	0.0	-0.0284777	-0.00781789	0.0335327	0.000403739	6.74983e-06	-0.00101917
0.03709957045963961	0.3872281261663768	1.41598606	23.43031502	1.34121835	0.1996463965	-0.0107970561	0.0602267265	-0.031805367599999995	0.0272014919	-0.0779459415	0.0619302636	-0.0183575839	-0.040257352	-0.08459649150000001	0.0573638391	0.0350890358	0.0458097539	-0.0011537989999999998	-0.0625185663	0.0034598271999999996	0.0623909488	0.0	-0.0151645	0.103467	0.0103516	0.00106048	-7.68423e-05	-0.000722159
0.6897921528529724	0.6085641908506791	1.56702745	25.92959595	1.34513855	0.1310097385	-0.0501395896	0.0014525432999999998	-0.0307212273	0.0439098666	-0.024557735299999998	0.0783790305	-0.049765522	0.0184109596	-0.0897287673	0.1109316382	-0.0601885232	0.049213683	-0.0015383308	-0.062485471900000006	0.0046112719	0.0622586965	0.0	0.000971382	0.119389	0.0104693	-0.000399784	6.74983e-06	-0.000289332
0.5938177177210126	0.8010115451829036	1.435256	23.74917412	1.23040438	0.16705893199999997	-0.0322438708	-0.0401222053	-0.0133806632	-0.0070418492	-0.0512448462	0.0214954854	-0.0187304708	0.0525218268	-0.0526407326	0.0551204238	-0.0995275801	-0.0160188	-0.0019228045000000001	-0.062442930599999995	0.0057611481	0.062088795	0.0	-0.010549	0.0282488	-0.0415107	-0.00029961	6.74983e-06	-0.000437525
0.1407403106667508	0.4135961466005775	1.34176135	22.20211792	1.06091487	0.09880197999999997	0.0361081122	-0.0538893622	0.0044249456	0.0289829553	-0.010692195900000001	0.0255119029	0.0464272442	0.044252935099999995	-0.028371669199999998	0.0290782783	-0.021116938300000002	0.026274223399999998	-0.0023072055	-0.0623909488	0.0069090646	0.061881347	0.0	0.00340178	0.08201909999999998	-0.024334	-0.000237291	6.74983e-06	-0.00022176
0.0074426374188314185	0.2612135441988275	1.36896312	22.65222549	1.00134385	0.0545685215	0.061275982699999995	0.015702863	0.0006420076	0.0030160656	-0.0245944681	0.012867760700000001	0.049212237400000004	-0.0240011425	-0.0230759819	0.007106321999999999	-0.0058249611	0.0093364589	-0.0026915193	-0.062329534400000004	0.0080546308	0.061636478	0.0	0.00344026	0.106649	-0.0292304	-0.000516692	-0.000192448	-0.000200284
0.18264485422179425	0.2417932191560337	1.10468817	18.27927017	0.94238734	0.06382579149999999	0.0198849566	0.055460538399999995	-0.0073580506999999995	0.0037386527	0.0031675171000000004	0.0190684074	0.0036726145	-0.052878868600000004	-0.0216706989	0.018211478200000002	-0.0475209366	-0.0044657568	-0.0030757314	-0.0622586965	0.009197457099999999	0.061354335999999995	0.0	0.00343571	0.0910358	-0.0561043	-0.000310845	6.74983e-06	-0.000178646
0.005371137051547041	0.10046943211695723	1.13591206	18.79593086	0.97494262	0.06426183850000002	-0.051378905499999995	0.0444491648	0.004404572	-0.0481598373	-0.0168287738	-0.037876798999999996	-0.06513019980000001	-0.0276263793	-0.0010183594999999999	0.0004379451	-0.0212945732	-0.0579202875	-0.0034598271999999996	-0.062178446	0.0103371548	0.0610350916	0.0	0.00341904	0.0659461	-0.0791709	-0.00018661	8.48612e-05	-0.000298077
0.03820944827030531	0.2716706171929375	1.68366909	27.85966492	1.02675629	0.04332082	-0.0254002636	-0.0686072283	-0.0073589089	-0.0410083458	0.0336687525	0.0119952357	-0.008859756600000001	0.0734542793	0.010089018100000001	-0.0177586222	-0.0419447176	-0.0712960958	-0.0038437921999999996	-0.062088795	0.011473336200000002	0.060678937999999995	0.0	0.00678012	0.0606996	-0.0606768	-0.000245555	0.00022198	-0.000169758
0.07006556901260005	0.18034061067741147	1.34055042	22.18208122	0.98945546	0.04153894	0.0409653452	-0.0019078242	0.0013406084	0.045423351699999996	-0.007923293199999999	-0.056166025700000004	0.0409443523	-0.007846659399999999	0.0155621602	-0.0204869133	-0.050172145099999996	0.023166400499999996	-0.004227612	-0.061989757	0.0126056147	0.0602860905	0.0	0.00341508	0.0675868	-0.0832108	-0.000280849	0.000233421	-0.000298077
0.05190670907253191	-0.194018233026966	1.39361179	23.0600872	0.96577471	0.049773035	-0.0214745141	0.0619681741	0.0136474448	-0.06335530389999999	0.0209287129	-0.0414583118	-0.0407705961	-0.0572719492	0.0067066209	-0.0050377927	-0.050012828200000005	-0.06201165610000001	-0.0046112719	-0.061881347	0.0137336053	0.0598567866	0.0	0.00706394	0.08492529999999998	-0.0931455	-2.20795e-05	0.00035167	-0.000298078
-0.15588397314501287	-0.33316797655050445	1.86503708	30.86075974	1.06621277	0.07850701	-0.0297605814	-0.0650145012	0.0305170256	-0.0337885276	0.0838285825	-0.0141176302	-0.0171868459	0.0667705761	0.0360275282	0.0103637839	-0.0655436375	-0.0515437875	-0.0049947576	-0.061763581399999996	0.0148569242	0.059391285999999995	0.0	0.00341839	0.111521	-0.0541965	-2.83637e-05	0.000171619	-0.000298078
-0.2291759469543982	-0.5368983518787309	1.39981115	23.16266823	0.99277228	0.057283754999999985	0.0446691146	-0.0046306333	0.043698308899999996	0.0546559212	0.0077164085999999995	-0.06244673480000001	0.0393951149	-0.0139869865	0.0498765299	0.0026387326	-0.0470744017	0.0412251027	-0.0053780545	-0.061636478	0.015975189299999998	0.0588898701	0.0	0.00606233	0.09776290000000003	-0.0804019	-0.000116276	0.000181469	-0.000102314
-0.32730659711746496	-0.6822804838665104	1.45602775	24.09288406	0.94677621	0.06258868000000001	-0.013152563600000002	0.0591466892	0.057035280099999995	-0.0656676009	0.0218979398	-0.0263314566	-0.0320821003	-0.061144233	0.0561050992	0.0225772281	-0.0059598642000000005	-0.07077389719999999	-0.0057611481	-0.061500055899999996	0.0170880203	0.0583528422	0.0	0.0034276	0.0929497	-0.0956219	0.000169199	0.000498645	-0.000298078
-0.4640189169440605	-0.5762285179970763	1.45352554	24.05147934	1.00417268	0.021129409999999998	-0.056898109100000004	-0.0520543202	0.057098234500000004	0.012086631899999999	0.0638284708	0.022371054900000003	-0.0389113093	0.0583573793	0.061187177300000006	-0.0045443601	0.0056917117	-0.0089806973	-0.0061440240000000005	-0.061354335999999995	0.0181950385	0.0577805271	0.0	0.00342219	0.0929402	-0.0984673	0.000193135	0.000157199	-0.000298078
-0.368082540958568	-0.493167041346029	1.37846756	22.80949593	0.99991548	0.04705762849999999	0.049815102699999995	-0.0266994893	0.053275964599999996	0.0016372249	-0.0503269073	-0.0546632075	0.0516329443	0.0049792383	0.0557405463	-0.006362996700000001	0.041250113	-0.015076998500000001	-0.0065266676	-0.06119934	0.0192958674	0.0571732707	0.0	0.00343871	0.102143	-0.0984161	-0.000250422	6.74983e-06	-0.000136342
-0.3953727029867577	-0.4264847934562908	1.22723138	20.30699158	0.93368572	0.023925749999999992	0.0209165867	0.0468376421	0.0565607742	-0.034339558199999995	0.0722440358	0.0115393409	0.0068171997	-0.0535637116	0.0399152399	-0.00036367720000000004	0.015507218400000002	-0.0423529706	-0.0069090646	-0.0610350916	0.0203901326	0.0565314404	0.0	0.00341771	0.09295610000000003	-0.09843710000000003	-0.000118221	6.74983e-06	-0.000298078
-0.4309347504363838	-0.4823070058393602	1.37390149	22.73394203	0.98668778	0.017708909999999994	-0.0781020576	-0.0092319915	0.0387486878	0.0247552156	-0.012462013000000001	-0.0359950122	-0.0711307075	0.0258811823	0.0433246197	-0.0208377354	0.0628361483	0.0203219536	-0.0072912004	-0.0608616155	0.0214774617	0.0558554243	0.0	0.00344382	0.0881823	-0.0984654	-2.5421e-05	6.74983e-06	-0.000133264
-0.20808862214858065	-0.3072310443242325	1.57054329	25.98777199	1.00252771	0.018582659999999977	0.043085404400000006	-0.051440666399999994	0.045285498099999995	-0.0544288266	-0.030256727	-0.0326931309	0.048323308499999995	0.040456250299999996	0.0387232812	-0.008602106600000001	0.054725251399999994	-0.0613232154	-0.007673060600000001	-0.060678937999999995	0.022557485	0.0551456312	0.0	0.00341771	0.0929549	-0.0984522	-0.000136022	6.74983e-06	-0.000298078
-0.01952708018917437	-0.09316200159270108	1.27630281	21.11897659	0.94438666	0.0466922285	0.035877988	0.0333862024	0.0405200697	0.0554917383	0.028929032200000003	0.0383845585	0.030336328500000002	-0.0451637696	0.028905530899999997	-0.0088032618	0.0464702737	0.040743342200000005	-0.0080546308	-0.060487086600000003	0.023629835099999996	0.054402490199999994	0.0	0.00344057	0.117404	-0.10719600000000001	-2.9645e-05	6.62212e-05	-0.000194397
0.03063768490799493	0.014950569721245503	1.22522438	20.27378273	0.96898782	0.04516596	-0.0455989024	0.0515828165	0.0213403264	-0.024510011800000002	-0.047693393	-0.0325546049	-0.059185592	-0.0436466384	0.008592922900000001	-0.014744883899999998	0.0280524977	-0.0327522332	-0.0084358965	-0.0602860905	0.024694147200000002	0.0536264509	0.0	0.00341771	0.0902476	-0.0984712	-7.559369999999999e-06	6.74983e-06	-0.000298078
-0.03666906568398237	0.19903116745424	1.54431486	25.55377007	1.01405406	0.02135565299999999	-0.0165586815	-0.0738723998	0.00026772279999999997	-0.0421175756	0.014813897900000001	0.0212966678	0.0006525543	0.0719879607	0.0124873246	-0.0229925219	0.003283558	-0.0639945814	-0.0088168435	-0.0600759799	0.025750059199999998	0.052817982400000005	0.0	0.00341447	0.0816438	-0.0956941	-0.000142625	-5.76148e-05	-0.000298078
0.22393768241581144	0.3821061897347388	1.31301737	21.72649193	0.96874708	0.026121925	0.0462797618	0.0046509269	-0.008809937700000001	0.0607763071	-0.0265424104	-0.0466286678	0.0452412478	-0.0097077052	-0.007157795799999999	-0.0265944065	-0.0200378225	0.0368097895	-0.009197457099999999	-0.0598567866	0.0267972119	0.051977573799999996	0.0	0.00344264	0.0860355	-0.0989382	-4.89063e-05	7.87606e-05	-0.000159013
0.10493548462284984	0.3107208880487965	1.29668772	21.45628548	0.93471622	0.0287668585	-0.0111982846	0.0658616273	-0.0204070456	-0.0660983064	0.0065039788	-0.0215692564	-0.0295296214	-0.065560466	-0.0103609132	-0.0138240285	-0.0345164209	-0.0745791786	-0.009577723100000001	-0.059628543799999996	0.0278352493	0.051105733099999995	0.0	0.00343977	0.10123	-0.0954823	7.538769999999998e-05	6.74983e-06	-0.00016498
0.029026893996271917	0.2798190091961445	1.56334627	25.86868286	1.01816392	0.047519514999999984	-0.0532216726	-0.0493604963	-0.024301261299999998	0.029532306600000002	0.0537709947	0.0245339142	-0.036748363	0.05933462849999999	-0.0091899526	-0.0303673183	-0.0393190868	0.0230756217	-0.0099576272	-0.059391285999999995	0.028863818	0.0502029876	0.0	0.0070427	0.101237	-0.113807	-0.000161864	6.74983e-06	0.000109466
-0.04099622713301949	0.2935086320635984	1.42010152	23.49841309	0.99234664	0.030228145	0.054457704100000004	-0.017510863999999998	-0.011351586799999999	0.0189681248	-0.0409874819	-0.0606233763	0.0585104912	0.0025927722	0.0058936310999999995	-0.021531558	-0.0169640672	0.016684041599999998	-0.0103371548	-0.059145049000000005	0.0298825684	0.0492698833	0.0	0.00341771	0.0990754	-0.113816	-8.07569e-05	6.74983e-06	-0.000298078
-0.02533090253071949	0.16248396056715858	1.32209873	21.87676048	0.92384547	0.0243636035	0.0098304745	0.062223264199999996	-0.0008871733	-0.039084588999999996	0.04545341940000001	0.024778992200000002	-0.0012491841	-0.06828066769999999	0.0060562709	-0.0204716413	-0.0203061702	-0.024438422999999997	-0.0107162918	-0.0588898701	0.030891153799999998	0.0483069844	0.0	0.0034473	0.101239	-0.107618	-0.000121612	0.000129647	-0.000142382
-0.08958365460953	0.07649252871221664	1.4856559	24.58314133	1.00551355	0.023969128	-0.0718141821	-0.0369962554	0.0036397490000000003	0.035268390499999996	0.016193409199999998	-0.0171686954	-0.0581576736	0.0519254799	-0.0006059644	-0.0144302592	-0.005770017099999999	0.0308065519	-0.011095023600000002	-0.058625787900000004	0.0318892311	0.047314873099999995	0.0	0.00344788	0.10363000000000001	-0.113861	5.53288e-05	6.74984e-06	-0.00013552900000000004
-0.13740006292895987	0.1285113685922447	1.48786259	24.61965561	1.02190363	0.057907290000000014	0.0560161917	-0.0296169375	0.0150846573	0.0010300056	-0.050734333300000004	-0.036579559500000004	0.0592522903	0.015567290400000001	0.014200861200000001	-0.018340903000000002	0.0135519653	-0.005903468	-0.011473336200000002	-0.0583528422	0.0328764609	0.0462941495	0.0	0.0068502	0.111472	-0.0924859	-0.00038847	6.74984e-06	-7.35704e-05
-0.2961119147622014	0.08018026026692432	1.36934018	22.65846443	0.92925781	0.046615972999999984	0.0167530807	0.05632496769999999	0.021777679900000003	-0.031432046	0.048920191200000004	0.0306880706	0.0048679801000000005	-0.0585407976	0.017805831799999998	-0.0062303383999999995	0.0155797623	-0.024705033199999997	-0.0118512151	-0.058071074400000006	0.0338525072	0.0452454308	0.0	0.0062244	0.103288	-0.0815627	-0.000729292	7.36395e-05	5.63774e-05
-0.1763574197154907	-0.03101398268560333	1.36086226	22.51818085	0.98465818	0.013938574500000004	-0.0744476113	-0.0075579675	0.015624241499999999	0.0233727985	-0.0391515976	-0.0027779904	-0.069271889	0.0219345494	0.0106502181	0.0031796059	0.0405199688	0.033487566600000004	-0.012228646000000001	-0.0577805271	0.0348170382	0.0441693512	0.0	0.00706846	0.104148	-0.0752978	-0.000729292	6.74984e-06	3.87477e-06
-0.1149741977668124	0.10188564638671722	1.51883769	25.13220024	1.01507092	0.009588226500000012	0.0452065521	-0.04931647980000001	0.0094560765	-0.0587826803	-0.047178764500000005	-0.0090584859	0.0512958531	0.037741499	0.0098936825	-0.0188256994	0.057023342000000005	-0.071297613	-0.0126056147	-0.0574812441	0.0357697257	0.043066561399999995	0.0	0.007312639999999999	0.100257	-0.0800214	-0.000729292	6.74984e-06	1.84637e-05
-0.22624164555568396	0.36962682498090377	1.22594595	20.28572083	0.94406652	0.060710909999999986	0.0372614106	0.0339654468	0.0044992812	0.0829362736	0.0272021804	0.039855309	0.0347288751	-0.030768529399999998	0.0027051026000000002	-0.037172852	0.042567244500000004	0.051875658899999996	-0.012982107	-0.0571732707	0.036710245600000004	0.041937728199999996	0.0	0.00746705	0.0812987	-0.0966332	-0.000318208	6.74984e-06	-7.01803e-05
-0.06724557161860419	0.5001280490252493	1.33252418	22.04927063	0.96905094	0.040398438	-0.030284518	0.06556520639999999	-0.0177953956	-0.07087389919999999	-0.0801118924	-0.0166435256	-0.04599255309999999	-0.0486468783	-0.0128973953	-0.048954062300000004	0.0744811532	-0.09318674769999999	-0.013358108600000002	-0.05685665349999999	0.037638278	0.0407835344	0.0	0.00342643	0.0812644	-0.09668570000000003	3.57825e-05	0.000150281	-0.000298079
-0.12886636015404954	0.7088881339315738	1.65066206	27.31349754	1.05945778	0.044698633	-0.0261237479	-0.0767776698	-0.0276142609	-0.0093256314	0.0078583299	0.0511105508	-0.0070255861999999995	0.08087053450000001	-0.010128091899999999	-0.0654893249	0.0646181323	-0.0445462316	-0.0137336053	-0.0565314404	0.0385535073	0.039604677799999995	0.0	0.00343385	0.0812711	-0.122351	-7.827059999999998e-05	6.74984e-06	-0.000175279
0.048960146828737366	0.8816967309529258	1.42372251	23.55832863	1.01115918	0.040765663	0.0610120743	0.0049322491	-0.0320002955	0.0418318751	-0.0403407192	-0.0164499456	0.061355153499999995	-0.0123733052	-0.030000011	-0.048349552000000004	0.040756647400000005	0.0022864592000000003	-0.0141085829	-0.0561976805	0.039455622	0.0384018715	0.0	0.00342408	0.10689	-0.122382	-3.37859e-05	0.000141585	-0.000298079
0.17117011806760166	0.8909745626479215	1.23929918	20.50667763	0.96464711	0.07916179500000001	0.0071817422	0.0524124273	-0.031070149100000003	-0.04375725849999999	0.0183458565	0.0336978513	-0.0028512846999999997	-0.04951538230000001	-0.0461172996	-0.0259738522	0.0048201712	-0.0310711711	-0.0144830273	-0.0558554243	0.0403443154	0.037175842599999995	0.0	0.00345052	0.123818	-0.0942937	-0.000515424	0.000103166	-0.000135755
0.022026950019479102	0.7794693428972184	1.23525107	20.43969345	0.98219705	0.041244888000000014	-0.0617896012	0.0075331781	-0.0338008044	0.01117952	-0.046571372400000005	-0.0410568995	-0.0597099546	0.0051503617	-0.0329326333	-0.04874282480000001	0.012785853400000002	0.021071196400000002	-0.0148569242	-0.0555047235	0.041219285	0.0359273327	0.0	0.00344024	0.0997998	-0.0980336	-0.000371225	6.74984e-06	-0.00016467
0.095495718850177	0.8061708159788563	1.56544721	25.9034481	0.99636912	0.039648198	0.010835571399999999	-0.07200765320000001	-0.033873053199999996	-0.0271453416	0.001620999	-0.0060521538	0.025133065299999997	0.0597219494	-0.024661844500000002	-0.0435535418	-0.0128929377	-0.0538469702	-0.015230259599999999	-0.0551456312	0.0420802334	0.0346570967	0.0	0.00838533	0.0936826	-0.100014	-0.000170427	0.000204653	-0.000298079
0.05075632913385483	0.9126033302725792	1.31550157	21.76759911	0.95046192	0.05057566799999999	0.0571411974	0.009441679	-0.0374587951	0.0603853692	-0.0174862152	-0.0048898233	0.0534935529	-0.020112318	-0.02556033	-0.0521812353	0.0018170242	0.0336577738	-0.0156030194	-0.0547782016	0.042926867599999995	0.0333659028	0.0	0.00343287	0.10494800000000001	-0.11966	-0.000151087	6.74984e-06	-0.000221086
0.1522865868185599	1.0071664778293423	1.21430588	20.09311295	0.95515585	0.06524674800000001	0.007415664000000001	0.06707034490000001	-0.047677481900000006	-0.0434514515	0.0080306987	0.0446406527	-0.0067117764	-0.0650496467	-0.045920119	-0.0338780245	-0.0001549302	-0.0316042847	-0.015975189299999998	-0.054402490199999994	0.0437588996	0.0320545318	0.0	0.00342308	0.123197	-0.0927161	-0.000357558	0.000124167	-0.000298079
0.1485076093270006	1.0390760438462574	1.32184994	21.87264442	1.01415026	0.054933775	-0.0669143241	-0.0029936362	-0.057417059299999997	0.025455448199999998	-0.0412789073	-0.0348532508	-0.0691319395	0.0190773447	-0.050837785999999996	-0.054978775300000005	-0.0014211025	0.0087837592	-0.0163467555	-0.054018554	0.0445760465	0.0307237767	0.0	0.00611046	0.109946	-0.119644	-0.000256212	8.86011e-05	-0.000193641
0.13373270251383199	1.197670235286424	1.66337442	27.52384758	1.02542806	0.02489161299999999	0.0318066129	-0.057559274400000006	-0.057791458899999995	-0.0508177604	0.010101067	-0.0173764496	0.042250664800000004	0.0477461913	-0.0385738539	-0.054781884	-0.0136500049	-0.0616597054	-0.016717703799999997	-0.0536264509	0.0453780301	0.0293744423	0.0	0.00341771	0.0986501	-0.119634	-0.000287782	6.74984e-06	-0.000298079
0.19777090809507744	1.0447696176325052	1.25744915	20.80700493	0.95587224	0.038330908	0.0384503488	0.027321945299999997	-0.0472106597	0.0688975387	0.0629467162	0.0151243176	0.04124249	-0.0309727021	-0.027741039300000003	-0.050160181500000005	-0.0217994006	0.0435497892	-0.0170880203	-0.0532262402	0.0461645778	0.0280073444	0.0	0.00343789	0.109699	-0.119717	5.17994e-05	0.00014488	-0.000232214
0.11695903844773335	0.8247368496796832	1.35842597	22.47786713	1.01931274	0.08659643	-0.0471718945	0.0564637146	-0.0473030089	-0.0327204688	-0.0402943604	-0.0445262253	-0.0567094911	-0.0404079243	-0.0426212944	-0.0281590069	0.002844528	-0.030334049199999998	-0.0174576908	-0.052817982400000005	0.046935422000000004	0.026623309900000003	0.0	0.00346253	0.138444	-0.0911447	-0.000316305	5.73306e-05	-0.000102778
-0.06346843095676842	0.6957803275345601	1.83396697	30.34664345	1.1165936	0.07171180800000002	-0.0092401263	-0.076021381	-0.0462862364	-0.0276104323	0.050855085099999996	-0.0060971191	0.0030263612	0.0675564666	-0.0179897457	-0.0388023501	-0.0428763262	-0.0443315612	-0.017826701599999998	-0.0524017393	0.0476903005	0.0252231757	0.0	0.00341771	0.102088	-0.07374809999999998	-0.00042871	6.74984e-06	-0.00029808
0.015080104245907153	0.6919778550036323	1.49957836	24.81351662	1.12947786	0.060774488	0.043752713	0.013056019399999999	-0.0340550118	0.0599340305	-0.006893795899999999	-0.0161639106	0.043713261600000004	-0.015182154	-0.0340007803	-0.029288633199999997	0.0028013365999999995	0.045442744199999996	-0.0181950385	-0.051977573799999996	0.048428956399999994	0.0238077885	0.0	0.0152828	0.104779	-0.0814682	1.30308e-05	0.000334975	-0.00029808
0.04339113123580858	0.5162169504476969	1.43893766	23.81009483	1.08396792	0.094848368	-0.0167680246	0.0636160961	-0.0441945529	-0.0701334612	-0.0218020472	0.0284965779	-0.0266150235	-0.055048266500000005	-0.0434374551	-6.02179e-05	0.026290283799999998	-0.0466882934	-0.0185626877	-0.0515455499	0.049151138600000005	0.0223780041	0.0	0.0181838	0.0722711	-0.055999	0.000123165	6.74984e-06	-5.7034e-05
-0.2016000152873492	0.3613258577901831	1.67467558	27.71084976	1.22553575	0.10211654	-0.0486280775	-0.0514084567	-0.0350413582	0.0292719665	0.054967205199999994	0.0183900145	-0.0318024166	0.0655733491	-0.0094833668	-0.0415170181	-0.0156277755	0.003770015	-0.0189296353	-0.051105733099999995	0.0498566013	0.0209346873	0.0	0.00341771	0.10594	-0.0921997	0.000231736	6.74984e-06	-0.00029808
-0.4553311223811152	0.12197341204138415	1.39956713	23.15863037	1.02816606	0.02539496200000002	0.0556425153	-0.0231089203	-0.0190940955	0.0356889751	-0.024709247099999998	-0.0277656276	0.0603308314	0.012819849599999999	0.0067025597	-0.049651336500000004	0.037613351	0.0274241771	-0.0192958674	-0.0506581898	0.0505451046	0.0194787108	0.0	0.00341998	0.0966392	-0.0928187	0.000179375	-0.000250347	-0.00029808
-0.4626398468987815	0.12390179756882737	1.31224108	21.71364594	0.98399526	0.06899726249999999	0.026633703300000002	0.0437504038	-0.0080228609	0.0183790263	0.04381237809999999	0.0406708697	0.015321516499999998	-0.0487942816	-0.0018511368	-0.0365511029	0.0538363796	0.013095350300000001	-0.0196613702	-0.0502029876	0.0512164143	0.0180109551	0.0	0.00341771	0.08152239999999998	-0.101459	-0.000468286	6.74985e-06	-0.00029808
-0.4660735230509471	0.14413199165332582	1.30835783	21.64939117	0.99927688	0.0778381525	-0.0642990376	0.0219586904	-0.0168428869	0.0198787388	-0.0669652245	-0.0477046325	-0.06894198259999999	-0.015194737600000001	-0.003913725900000001	-0.043505512	0.0768082071	-0.0006999618	-0.0200261298	-0.0497401955	0.051870302	0.0165323078	0.0	0.00342162	0.106486	-0.07882179999999998	-0.000351238	-0.000403247	-0.000220456
-0.41298520661239546	0.386445159417898	1.70688248	28.24377632	1.03082871	0.05113079	0.0073737535	-0.0680663116	-0.0241679208	-0.053507999699999996	-0.00045869019999999995	0.0183669249	0.016349098200000002	0.0626595115	-0.0117204618	-0.0352101035	0.0538793995	-0.06367736110000001	-0.0203901326	-0.0492698833	0.052506545300000006	0.015043663	0.0	-0.00336502	0.12633	-0.0871182	-0.000413831	-0.000557452	-0.000113179
-0.5384253560463897	0.3310683172134533	1.44592905	23.92578125	1.04839289	0.08752356999999998	0.052821634900000004	0.0108055287	-0.0308391273	0.0670714266	0.0180270681	-0.0193765581	0.0501137676	-0.0232082647	0.005635883100000001	-0.0898628185	0.0663084322	0.06417274070000001	-0.0207533646	-0.048792122199999996	0.0531249278	0.013545921	0.0	0.00343135	0.0672448	-0.101475	-0.000413831	-0.000470743	-0.000172174
-0.7223211855717969	0.02477008372073577	1.37030971	22.67450905	0.98486382	0.03249233999999999	0.0041670234	0.0568357291	-0.0190450192	-0.0666090483	0.045963690999999994	0.0058328719	-0.0081577017	-0.06497257320000001	0.0158397057	-0.1169441533	0.0839431593	-0.0278141629	-0.0211158122	-0.0483069844	0.0537252391	0.0120399874	0.0	0.00341856	0.0604644	-0.101528	-0.000106993	-0.000288243	-0.000195759
-0.4911571316842103	0.34563157502663466	1.3718313	22.69968605	1.03621495	0.061155855	-0.0678381587	-0.012561160600000001	-0.0315340948	0.0163203419	-0.0149653326	-0.037530769500000005	-0.06548808589999999	0.025783687599999997	-0.0023116632	-0.1062879678	0.0746873652	0.049323260099999995	-0.0214774617	-0.047814543200000004	0.054307275	0.010526773	0.0	0.00339246	0.108247	-0.101547	-4.28349e-05	-0.000388327	-0.00029808
-0.3325677459912713	0.5744249358709922	1.52935696	25.30626297	1.02250409	0.03502855499999999	0.0413635501	-0.0505486891	-0.0411766814	-0.057102870199999996	0.0176683498	-0.0298251329	0.0489325087	0.0355356388	-0.010125576800000001	-0.10362330410000001	0.0579087811	-0.0096786318	-0.0218382995	-0.047314873099999995	0.0548708376	0.009007192800000001	0.0	0.00344784	0.0926058	-0.101535	-8.697979999999998e-05	-0.000288243	-5.59094e-05
-0.4379343775570248	0.5928283857710065	1.19429004	19.76191139	0.95317233	0.04613588	0.0406233863	0.0261350227	-0.049016986500000005	0.0771680729	0.0711586013	0.0096665317	0.046409688399999996	-0.03441697	-0.0094312317	-0.12322076800000001	0.0337908104	0.0890781399	-0.022198311800000002	-0.0468080497	0.055415735	0.007482165799999999	0.0	0.00339459	0.10105	-0.119272	-9.92228e-05	-0.000431858	-0.00029808
-0.33089464516603306	0.4760100171356218	1.32426858	21.91266632	0.96158785	0.03539966	-0.023125889	0.0645136124	-0.0520358401	-0.0733468446	-0.0126038108	-0.0459594273	-0.035886916	-0.0624582071	-0.015062821899999999	-0.1306727253	0.0103562182	-0.0242776184	-0.022557485	-0.0462941495	0.0559417821	0.0059526142	0.0	0.00346323	0.10428	-0.11064	-0.000156797	-0.000288243	-2.98888e-05
-0.28931637337706445	0.6132837178229605	1.75286424	29.00463676	1.10648406	0.05781069	-0.0447768299	-0.0566141338	-0.0609710211	0.034734934	0.0894353077	0.0198974818	-0.025373180699999998	0.0617228933	-0.011499106100000002	-0.1118794808	-0.0283311292	0.0477397002	-0.0229158057	-0.045773250300000005	0.056448799800000005	0.0044194628	0.0	-0.0042251	0.11732	-0.108152	0.000266899	-0.000288243	-0.00029808
-0.21200324963360875	0.5528320584525538	1.53275144	25.36243057	1.18855131	0.11536845000000003	0.0532757381	-0.0043896851	-0.054914499699999994	0.027747251400000002	-0.0314247956	-0.0143137099	0.0566760591	-0.0053839474	-0.0249177145	-0.0764611264	0.0094582051	0.0619465244	-0.0232732602	-0.0452454308	0.0569366156	0.0028836389000000003	0.0	-0.0190927	0.137078	-0.119607	0.00105365	-0.000288243	-0.0008970859999999998
0.140561081850627	0.7312860158674498	1.51736164	25.10777664	1.27302825	0.13584634499999998	0.012274166699999998	0.0509798475	-0.0462943521	-0.0270900206	0.052342427000000004	0.0406100017	0.0003629307	-0.0506321622	-0.044494854699999996	-0.020738233000000002	-0.0573857914	-0.0317867354	-0.023629835099999996	-0.0447107708	0.0574050637	0.0013460713	0.0	0.00231738	0.159738	-0.125707	2.44737e-05	-0.000288243	-0.000212737
0.012235747891591223	0.8491908636337978	1.27179301	21.04435349	1.0265224	0.08422693	-0.0597039776	0.0261628762	-0.061067945400000004	-0.0100829023	-0.043902670199999994	-0.0523139678	-0.0692240504	-0.0090459833	-0.0455245733	-0.041873711699999996	-0.017727987	-0.0122623955	-0.0239855169	-0.0441693512	0.0578539846	-0.0001923104	0.0	0.00345702	0.0914536	-0.119305	-8.240209999999998e-05	-0.000288243	-0.000151595
-0.2693650139795368	0.9680020983892752	1.92058301	31.77987862	1.06479394	0.07377554499999998	-0.0023822628	-0.07195610849999999	-0.0655632166	-0.0339139838	0.0695047397	-0.0190862634	0.0117036121	0.06574986440000001	-0.026171870299999997	-0.0479983893	-0.0448413125	-0.0595960167	-0.024340292000000003	-0.0436212537	0.0582832257	-0.0017305757999999999	0.0	0.00431172	0.110927	-0.0768372	-0.000254537	-0.000288243	-0.000199053
-0.32427160980301434	0.6189628567148787	1.39646399	23.10728264	1.01209199	0.04450156000000001	0.0494069868	0.0081479573	-0.051271979599999996	0.0748169978	0.010037693299999999	-0.0415140579	0.0495593206	-0.0128667498	-0.0195744436	-0.0430555362	-0.00039345199999999997	0.059047112400000004	-0.024694147200000002	-0.043066561399999995	0.058692640899999995	-0.0032677947	0.0	0.00129881	0.122314	-0.0864217	-0.000617218	-0.000288243	-0.000151391
-0.21826010806745846	0.3827752215186416	1.33996296	22.17236137	0.94854152	0.03323182000000001	-0.008368373299999999	0.058135937199999994	-0.0466066373	-0.0455541005	0.016690138	0.00172638	-0.0203584984	-0.0558019989	-0.0248492577	-0.022269355	0.014132723100000001	-0.0509035963	-0.025047068999999998	-0.0425053579	0.059082091100000005	-0.0048030375	0.0	0.008510429999999998	0.110636	-0.077377	-0.000617218	-0.000288243	-0.000257341
-0.5547637829149745	0.10421846503303588	1.29908907	21.49602127	0.98307258	0.027588959999999992	-0.0653198045	-0.0238191285	-0.0235254617	0.0270846548	-0.022662592599999996	-0.013894876100000002	-0.0570558324	0.038774063	0.0043266872	-0.018528848100000002	0.0457529422	0.057617075499999997	-0.0253990441	-0.041937728199999996	0.0594514436	-0.0063353757	0.0	0.00761112	0.112521	-0.0606261	-0.000617218	-0.000224711	-0.000159798
-0.3668698235454947	0.1074402122650765	1.39469528	23.07801628	0.9831534	0.05061329000000001	0.0292348409	-0.052751304699999994	-0.0122554121	-0.0233671894	-0.038411983	-9.0378e-06	0.0386983952	0.047163795700000004	3.34393e-05	-0.0143398322	0.0563784975	-0.0272329004	-0.025750059199999998	-0.0413637581	0.0598005729	-0.007863882800000001	0.0	0.0117523	0.13525000000000004	-0.0469036	-0.000697958	-0.000272882	-8.829679999999998e-05
-0.4066598940627605	0.17629818009521114	1.19342673	19.74762726	0.94213647	0.06365271	0.042823516500000006	0.0216218094	-0.0035313754	0.0888955142	0.0072870764	0.053589415099999996	0.0456326667	-0.02757731	-0.0026808077	-0.0234672297	0.0785285509	0.069357214	-0.026100101	-0.0407835344	0.060129360300000004	-0.0093876345	0.0	0.0117422	0.106051	-0.0750568	-0.000707057	-0.000222989	-0.000155113
-0.472869353731696	0.3361491313008885	1.32405519	21.90913582	0.96572721	0.0420067	-0.0187524547	0.0734433792	-0.0184718516	-0.054996370499999996	-0.0489210856	0.0378803067	-0.0348751867	-0.06665571990000001	-0.009099851899999999	-0.046417828700000004	0.0767352077	-0.0717986006	-0.0264491563	-0.0401971447	0.0604376938	-0.010905709199999999	0.0	0.011750300000000003	0.08084339999999998	-0.0773946	-0.000471811	-0.000222989	-0.000101295
-0.2452810870485637	0.4816867678685067	1.5303216	25.32222366	1.05352831	0.060854165000000016	-0.0532362362	-0.0530922699	-0.02968964	0.0239723573	0.006437768000000001	0.0412375447	-0.0355844564	0.0690482275	-0.0170171254	-0.049983073200000006	0.0703971833	0.0051085377000000005	-0.0267972119	-0.039604677799999995	0.0607254685	-0.012417188999999999	0.0	0.0117537	0.0985948	-0.10169	-0.000184654	-0.00013596	-9.94017e-05
-0.3426290541747846	0.6339926900183362	1.43378341	23.72480774	1.00891876	0.019187764999999996	0.056553140300000006	-0.0062280194	-0.034694791600000004	0.0174479842	-0.0360743376	-0.042452856799999994	0.057889026399999995	-0.0027807602000000002	-0.0121250708	-0.0666968773	0.0648695133	-0.0105669253	-0.027144254700000002	-0.039006223199999995	0.0609925867	-0.0139211599	0.0	0.0117422	0.101376	-0.108749	-0.000228635	-0.000222989	-0.000155113
-0.14702336489047355	0.6034937119157163	1.30256069	21.55346489	0.96784449	0.04485270000000001	0.010756459099999999	0.054654096299999996	-0.0394449109	-0.046126308899999996	0.055272118099999996	0.0532921721	0.0005389556	-0.053922819000000004	-0.024124645099999998	-0.0361479587	0.0333498468	-0.0343882803	-0.0274902715	-0.0384018715	0.0612389574	-0.0154167123	0.0	0.0117422	0.108978	-0.0779035	-0.000356739	-0.000222989	-0.000155113
0.014911607113478912	0.6205987708375241	1.35408413	22.40602303	0.99816	0.047168849999999984	-0.07192202240000001	-0.0030497717	-0.049673032400000004	0.0448226218	-0.0500706201	-0.035465069700000004	-0.0679042863	0.0206931294	-0.0385058702	-0.0356935304	0.0484232763	0.0375985675	-0.0278352493	-0.0377917138	0.0614644968	-0.0169029419	0.0	0.0117422	0.132813	-0.07610809999999998	-0.000787508	-0.000222989	-0.000155113
-0.2398400572722388	0.6430368163391197	1.68920243	27.95122528	1.04057348	0.053214799999999986	0.0348165025	-0.060323351799999994	-0.0365214913	-0.047307971500000004	0.024648871	-0.0029558884000000004	0.0451943197	0.047940774299999996	-0.012639254499999999	-0.0485742466	0.0013067638000000001	-0.0550389503	-0.028179174900000003	-0.037175842599999995	0.061669128200000006	-0.0183789499	0.0	0.0117413	0.0960658	-0.0779264	-0.000547667	-0.000169862	-0.000155113
-0.11192110388752692	0.7159017187593631	1.29904032	21.49521446	0.93972969	0.0294072	0.0374248169	0.0298050595	-0.031551462200000005	0.09161082949999999	0.0415857096	0.0013227103	0.037485361200000004	-0.0353386754	-0.0194959757	-0.042888202599999994	0.0042838704	0.07732119900000001	-0.028522035499999997	-0.0365543509	0.061852782	-0.0198438438	0.0	0.0117422	0.0925908	-0.0890542	-0.000304724	-0.000222989	-0.000155113
-0.24399103903936956	0.6471232575831912	1.32190728	21.87359428	0.95840877	0.0192529	-0.038622041600000004	0.0557827845	-0.0397123327	-0.052052233600000004	-0.0303887675	-0.0387647962	-0.05521370849999999	-0.0488753929	-0.02247961	-0.044232387000000005	0.023635505499999997	-0.048286852000000005	-0.028863818	-0.0359273327	0.0620153957	-0.021296737599999997	0.0	0.0117422	0.107836	-0.08905	-0.000384794	-0.000222989	-0.000155113
-0.09507776421509832	0.7736443698323215	1.79204059	29.65288734	1.0456841	0.0807548595	-0.0315173302	-0.0679321845	-0.0473473321	0.011307254099999999	0.0398231791	0.0287943983	-0.0112214168	0.0704602338	-0.0287604453	-0.0342622252	-0.0094405739	-0.0009734958000000001	-0.0292045096	-0.035294882799999996	0.0621569141	-0.0227367528	0.0	0.0117736	0.125473	-0.0576252	-0.000748521	-0.000333563	3.81919e-06
0.004772026951837982	0.6553560560809796	1.35772693	22.46630096	0.9964878	0.021306475500000005	0.0593027983	-0.0135453344	-0.030869378500000003	0.0166651294	0.0006182008999999999	-0.0503944008	0.0563753817	1.3419e-06	-0.018748998	-0.014039042199999999	-0.0192625752	0.0253135457	-0.0295440973	-0.0346570967	0.0622772889	-0.0241630186	0.0	0.0117765	0.123581	-0.0503121	-0.000859316	-0.000222989	2.44197e-05
0.09669523403644743	0.31005216818485104	1.31165671	21.70397758	0.95706034	0.064711885	0.0167778291	0.0442178208	-0.0130706014	-0.038148111299999996	0.0594249775	0.0138460889	0.0053002071	-0.049063199	-0.015544210900000001	-0.0071165027	-0.0421375979	-0.0198025072	-0.0298825684	-0.034014071	0.0623764792	-0.0255746725	0.0	0.0117661	0.0989941	-0.0825158	-0.00075485	-0.000222989	-2.9332e-05
0.10170225729338872	0.16065918994573847	1.34269154	22.21751022	0.98874021	0.034782879999999995	-0.0698388858	0.0122758026	-0.0142583972	0.0282657685	-0.0231970153	-0.037859977	-0.0721040697	0.0061474263	-0.0004449297	-0.014536458899999999	-0.012714566000000002	0.0197283326	-0.03021991	-0.0333659028	0.0624544513	-0.0269708608	0.0	0.00780867	0.0935314	-0.0789832	-0.000419792	-0.000222989	-0.000130877
-0.07948487505796112	0.2932925468859219	1.65454412	27.37773323	1.03209043	0.061028625	0.0243130083	-0.06594278190000001	-0.0185708097	-0.07937315190000001	0.0087440469	-0.0050484041	0.0308095733	0.0542519634	-0.0051472515	-0.0226269763	-0.016388353	-0.06674892360000001	-0.030556109300000002	-0.0327126902	0.06251117860000001	-0.0283507392	0.0	0.0117558	0.11086	-0.0566874	-0.000200214	-0.00015112599999999996	-7.31761e-05
0.1406525560557279	0.34460309729967553	1.27183282	21.04501152	0.97076792	0.05001748000000001	0.045232987	0.0148785946	-0.025582351099999998	0.0661813748	0.033376044900000006	0.0034660365	0.0450737988	-0.0220754573	-0.0133565473	-0.0102700502	-0.0164668046	0.0493532516	-0.030891153799999998	-0.0320545318	0.0625466419	-0.0297134733	0.0	0.00696527	0.131785	-0.0590772	-0.000558025	-0.000222989	-6.46071e-05
0.17294605849456526	0.2524890828040055	1.2828846	21.22788429	0.95156169	0.034512975000000015	-0.023016802000000003	0.0593695264	-0.0305932595	-0.0517656381	0.0029355186	-0.052761431100000006	-0.041671917999999995	-0.055007036100000004	-0.0249818676	0.0096195008	-0.043017848	-0.054681731799999994	-0.031225030600000002	-0.031391527200000005	0.0625608291	-0.0310582389	0.0	0.0117467	0.109266	-0.0585872	-0.000489844	-0.000222989	-0.000130877
0.038351586883076855	0.14076956008995933	1.65058064	27.31214905	1.0481323	0.032764869999999995	-0.0483807151	-0.06123441599999999	-0.0188627127	0.0343291099	0.071050373	0.011357477	-0.0284191287	0.0700186855	0.0002946061	0.0013835185999999998	-0.0657549556	0.0343613271	-0.0315577273	-0.0307237767	0.0625537354	-0.032384223	0.0	0.006819	0.0938429	-0.0607398	-0.000610925	-0.000222989	-4.67286e-05
-0.022256317722764096	0.1069110267599912	1.4326297	23.70571709	0.99421817	0.04367323	0.0536041037	-0.016908482	0.0041810281	0.022772668500000003	-0.0406851804	-0.0695005163	0.056868874800000004	0.0021312324	0.0036782856	-0.0079316648	-0.0383502887	0.0241160937	-0.0318892311	-0.0300513812	0.0625253631	-0.0336906236	0.0	0.00878621	0.0972231	-0.0783128	-0.000353821	-0.000149185	-0.000130877
-0.06577564270694837	-0.056690768975588335	1.35772288	22.46623421	0.95883584	0.059234639999999984	0.0127672143	0.0532764252	0.0093671706	-0.044928799400000004	0.0542387716	0.0332250407	-0.0002502351	-0.0577221294	-0.0011890636	0.0098472087	-0.0223623469	-0.0346051905	-0.0322195296	-0.0293744423	0.062475722000000004	-0.0349766507	0.0	0.0117467	0.133222	-0.0890424	-0.000236712	-0.000222989	-0.000130877
-0.08141763955022963	-0.09731954371917573	1.43055975	23.67146492	1.01767111	0.052397568499999984	-0.0728962263	-0.0238254985	-0.0008923898	0.041467813799999996	0.0017163107	-0.0148971105	-0.0610024761	0.039832116800000004	-0.0027329520000000003	0.0075216413000000005	-0.0124866579	0.0414030403	-0.0325486104	-0.0286930623	0.062404828899999994	-0.0362415267	0.0	0.00793706	0.129284	-0.0662004	-0.000540416	-0.000222989	1.57757e-06
-0.06406417506633562	-0.10958684369593784	1.59523785	26.39639282	1.02361441	0.06495127350000002	0.0482147851	-0.0456406574	0.0106665322	-0.0127471983	-0.0126155449	-0.044228503499999995	0.0515681935	0.0333172712	0.0113511847	0.0043082404	-0.019171461100000002	-0.0246024392	-0.0328764609	-0.0280073444	0.062312708	-0.0374844866	0.0	0.0117463	0.103589	-0.0553743	-0.000369236	-8.36689e-05	-0.000180341
-0.06832657443301199	-0.1656876219944442	1.3881135	22.96910667	0.94323713	0.042379320000000005	0.028735610800000002	0.041688527	0.0176542627	0.029873666400000002	0.038172456800000004	0.0129868791	0.0181888271	-0.0464808355	0.0129180925	-0.0048541584	0.0062851125	0.028811887799999998	-0.0332030687	-0.027317392200000002	0.0621993905	-0.0387047788	0.0	0.0117647	0.10115	-0.0768187	-0.000297893	-0.000300274	-9.87387e-05
-0.35007313020323383	-0.2776421235790277	1.35665584	22.44857788	0.98140627	0.021902484999999975	-0.0706972213	0.010537646999999999	-0.0076015355	0.0361066591	-0.030376146899999998	-0.045195289400000005	-0.0705799737	0.0013688117000000002	0.0043982059	-0.0028190268	0.027165648799999997	0.0326533144	-0.033528421600000004	-0.026623309900000003	0.062064915	-0.0399016654	0.0	0.007651029999999999	0.109299	-0.0768256	-0.000264122	-0.000222989	-0.000180341
-0.0013071134526698724	-0.14749406635313864	1.73049712	28.63452721	1.04583943	0.068409295	0.0405150955	-0.0495804404	-0.0029404557	-0.0698236696	-0.0184778328	-0.0378444067	0.0518061619	0.04781165	0.007886519100000001	0.011270001299999999	0.0189321995	-0.0664020228	-0.0338525072	-0.0259252026	0.061909327300000004	-0.0410744225	0.0	0.0117743	0.11132	-0.0322339	-0.00047077	-0.000222989	-3.35225e-05
-0.3108696104584794	-0.2704693843429432	1.29398715	21.41160011	0.97527981	0.06838422499999999	0.0385204498	0.030775071	0.0007826996000000001	0.044317927800000004	0.07731572519999999	0.0162540727	0.030905861	-0.0351647504	0.0158695267	-0.0045297147	0.015328785400000001	0.04084184	-0.0341753133	-0.0252231757	0.061732680199999994	-0.042222341	0.0	0.0118199	0.099968	-0.070981	-0.000374847	-0.000222989	0.000235345
-0.2791516102521922	-0.4643191915124346	1.42840338	23.63578415	0.97434819	0.06539239999999999	-0.061594499000000004	0.0297638156	-0.0028478698999999997	-0.0043893565	-0.054690612	-0.047951590499999995	-0.0728079876	-0.0113985308	0.0135049066	-0.0153491775	0.0504904184	-0.0029930346	-0.0344968277	-0.0245173354	0.061535034	-0.0433447267	0.0	0.0117456	0.0791119	-0.0826774	-0.000214965	-0.000296989	-0.000186085
-0.2707299404156084	-0.27787790830577885	1.69944525	28.12071228	1.03426731	0.07271745999999998	0.0270602981	-0.0646447175	0.004386788	-0.0753120206	0.014234368	0.011033668	0.035323765099999994	0.0533360187	0.020780324699999998	-0.0070347720999999995	0.0469758157	-0.0846067977	-0.0348170382	-0.0238077885	0.0613164557	-0.0444409009	0.0	0.0117632	0.11757500000000003	-0.0570855	-0.000214965	-0.000222989	-8.71878e-05
-0.06477288430990102	-0.1825902658475963	1.32740486	21.96456146	0.97406781	0.050127695000000014	0.049096302300000005	0.026788936699999998	0.0029938337	0.06704727860000001	0.024461390899999998	0.0328588116	0.0487607637	-0.0309918434	-0.0010592654	0.0168373649	0.0473515438	0.0714525069	-0.0351359328	-0.0230946421	0.06107701980000001	-0.045510200599999995	0.0	0.0117749	0.144847	-0.0594656	-0.000555934	-0.000222989	-1.88789e-05
-0.15782376810104692	-0.1951372493551361	1.30396807	21.57675362	0.97041953	0.068616165	-0.028190675	0.0623103978	0.0018040151999999998	-0.0576146696	-0.0169300697	0.0003257879	-0.0471357735	-0.0491226991	-0.0025831139	-0.0112658099	0.028870363599999997	-0.0602527158	-0.0354534992	-0.0223780041	0.060816807699999996	-0.046551979400000006	0.0	0.00915959	0.107014	-0.0637612	-0.000160437	-0.000222989	-0.000100827
-0.0368799017735771	-0.019613123619479308	1.56718099	25.93213654	1.02538824	0.05170222499999999	-0.0297563781	-0.0719224715	-0.0036814706	-0.0137621027	0.0233334156	0.0530036511	-0.013250351100000002	0.0719993558	-0.0016800144	-0.0006521776	0.0065178661	-0.0372035065	-0.0357697257	-0.0216579829	0.060535908	-0.0475656071	0.0	0.0117484	0.0817988	-0.0547681	3.16083e-05	-0.000222989	-0.000206884
0.1940079110422785	0.060442802829307474	1.32549858	21.93301773	1.00303113	0.086530215	0.050142800300000005	-0.0070695525	0.008761629200000001	0.0603127059	-0.0472348326	-0.0238226	0.0538130879	-0.0045463942	-0.014779669799999999	0.0166194098	0.014538871699999999	0.0458452451	-0.0360846002	-0.0209346873	0.0602344161	-0.0485504708	0.0	0.0118087	0.139361	-0.055799	-0.000176106	-0.000222989	0.000142938
0.15224578620814674	0.04825150077813711	1.28861678	21.32273483	0.94548845	0.058427250000000014	-0.007476652800000001	0.0632006477	0.0042383228	-0.06075911639999999	-0.0069783042	0.0145510499	-0.0178500278	-0.0603322859	-0.0222787093	0.031256942	-0.0133144792	-0.072553283	-0.0363981108	-0.020208226699999998	0.0599124346	-0.049505975	0.0	0.0118253	0.10521	-0.0579925	-0.000519186	-0.000222989	0.000241181
0.28974877010392275	-0.004666864509010105	1.46236253	24.19770622	1.0263232	0.077276725	-0.0637562938	-0.046372485199999994	0.0008132339999999999	0.0196247802	0.007866853299999999	0.024399476	-0.0509413062	0.0624867685	-0.0209805286	0.0145310979	-0.0148817024	0.0396850792	-0.036710245600000004	-0.0194787108	0.059570073099999996	-0.0504315418	0.0	0.0117601	0.0859939	-0.08263199999999998	-0.000434272	-4.70535e-05	-0.000165088
0.019865233685593384	0.20299460336824227	1.46913338	24.30974197	1.00759411	0.06409909999999999	0.059626991	-0.026471574700000004	-0.0015741357	-0.015430695500000001	-0.06306734929999999	-0.0278811939	0.058658771900000004	0.0156561324	-0.0176557756	-0.0101314855	0.0040076271	-0.0215826497	-0.0370209929	-0.0187462501	0.059207447999999996	-0.0513266115	0.0	0.008177129999999998	0.104779	-0.067252	-8.318689999999998e-05	-0.000222989	-0.000165088
0.2326285628607017	0.1961063916523752	1.28191495	21.21183968	0.9383682	0.038413575000000005	0.0225298057	0.0454809407	-0.00675429	-0.0088888046	0.0650314051	0.051184396900000005	0.0112934241	-0.0534178271	-0.029673363799999998	0.0005285972	-0.0191634146	0.0027679684999999997	-0.037330341	-0.0180109551	0.0588246827	-0.0521906429	0.0	0.0117675	0.127742	-0.0651051	-0.0002263	-0.000222989	-0.00011393500000000003
-0.05108237386227667	0.18352895309498274	1.35478532	22.41762543	1.00029576	0.04376967	-0.070740669	0.0060886256000000005	-0.0134824092	0.045490938499999994	-0.0535694369	-0.029950657599999996	-0.076273109	0.0126566544	-0.0342348736	0.0008772693	0.011015576899999999	0.05967705139999999	-0.037638278	-0.0172729372	0.058421907300000006	-0.053023113399999995	0.0	0.008612349999999998	0.127738	-0.0548415	-0.000680805	-0.000222989	3.84984e-05
0.1150192343049664	0.23346958507317897	1.72222602	28.49766541	1.03052747	0.028056830000000005	0.0261320263	-0.0683180711	-0.017624406999999998	-0.0416196006	0.0093389686	0.0115675748	0.0354360468	0.0565489646	-0.0197011364	0.003098468	-0.0260260713	-0.038692748900000004	-0.0379447925	-0.0165323078	0.057999259000000004	-0.0538235196	0.0	0.0118212	0.127739	-0.0434098	-0.000535611	-0.000222989	0.00016161
0.013942012711940665	0.16534856180886182	1.34664011	22.28284836	0.95601904	0.04981395	0.042970293799999996	0.0203464493	-0.0011040089	0.09134993779999999	-5.0216800000000003e-05	0.015126666399999999	0.0381829335	-0.0310669558	-0.010003749000000001	-0.0055594692	-0.0007661558	0.074661249	-0.0382498728	-0.0157891789	0.0575568813	-0.0545913776	0.0	0.0118209	0.103476	-0.06647690000000002	-0.000570426	-0.000222989	0.000176466
0.057607439263841875	0.2425093026889303	1.30690312	21.62532043	0.97183686	0.0928314	-0.012296408200000001	0.0685529385	-0.0164146847	-0.069452502	-0.0227373076	0.035406368199999996	-0.034959038	-0.0647160762	-0.028100639700000003	-0.0212334216	0.0188134449	-0.0833801328	-0.0385535073	-0.015043663	0.0570949249	-0.0553262229	0.0	0.0117359	0.0978019	-0.0857109	0.000294882	-0.00033712	-0.000200861
0.024454827827794942	0.4231132748662047	1.47315073	24.3762188	1.06371832	0.033150400000000003	-0.0548358162	-0.053577488799999996	-0.034873932	0.0165877556	-0.0133987993	0.0371639246	-0.0388135959	0.06546316740000001	-0.034677174500000005	-0.028558299300000003	0.032288854	0.016870424199999998	-0.0388556846	-0.0142958727	0.056613546900000006	-0.0560276113	0.0	0.0117384	0.0950414	-0.0674655	0.000166173	-0.000222989	-0.000200861
0.2561560171325004	0.8502268471589522	1.48483431	24.56954575	1.04376256	0.05676715	0.0585968398	-0.0127331338	-0.0558435256	0.0013500764	-0.0309830437	-0.0004825592	0.06556089799999999	0.006625984200000001	-0.048071420700000006	-0.023235883199999998	0.015977931100000002	-0.008244354399999999	-0.0391563933	-0.013545921	0.056112910999999994	-0.0566951184	0.0	0.0117384	0.120723	-0.0575288	-0.000256804	-0.000222989	-0.000200861
0.2646851140522919	0.8693290867812878	1.26425683	20.91965103	0.96644527	0.03204109	0.0155229906	0.0532152908	-0.072093298	-0.0443338685	0.0379320617	0.031925235	0.010090490799999999	-0.0491438051	-0.0594138312	-0.012762511	-0.0359285462	-0.0056286204	-0.039455622	-0.012793921299999999	0.0555931875	-0.0573283408	0.0	0.00963581	0.127722	-0.0462901	-0.00049082	-0.000222989	-0.000200861
0.343732417856314	0.6340905874059681	1.26907623	20.99939919	0.97979337	0.030534415000000006	-0.0610073955	0.0146191661	-0.09801959240000001	0.024231791000000003	-0.0442515266	-0.05028266730000001	-0.0628820633	0.0074359121999999995	-0.0668718279	-0.0114510952	-0.030611459900000002	0.0382937978	-0.0397533594	-0.0120399874	0.0550545532	-0.0579268955	0.0	0.0117784	0.122153	-0.0536401	-0.00049082	-0.000385301	-5.37165e-05
0.2541498941861303	0.6555090872450909	1.57031846	25.98405266	1.01052248	0.047225164999999986	0.0146598949	-0.06310516440000001	-0.0858932187	-0.047878953499999995	0.0019526438	-0.014330322099999999	0.025893459700000003	0.0587528463	-0.0454123987	-0.0217827521	-0.0387767373	-0.05034964980000001	-0.040049594300000005	-0.0112842332	0.0544971914	-0.0584904204	0.0	0.011768	0.103345	-0.0351954	-0.00049082	-0.000222989	-9.06458e-05
0.31059914366175423	0.662078375329662	1.28023195	21.18399239	0.95405632	0.05062683	0.045367721900000005	0.0123737683	-0.0779466959	0.076536891	0.0323746573	-0.0109527065	0.0467421959	-0.019139708999999998	-0.0448703679	-0.022928654700000002	-0.054416630199999996	0.0693441534	-0.0403443154	-0.010526773	0.053921291600000004	-0.0590185749	0.0	0.00820213	0.0929547	-0.0648272	-0.00049082	-0.000277333	-0.00017707899999999996
0.1238488230638212	0.5097357277175115	1.42897546	23.64525032	0.9805423	0.06124087	-0.0401673663	0.0641023798	-0.0756998741	-0.0626009104	-0.0352578184	-0.05877395269999999	-0.0587435117	-0.0471329771	-0.0522685996	-0.02269753	-0.0186954712	-0.049038968499999995	-0.0406375116	-0.0097677213	0.0533270497	-0.0595110395	0.0	0.00847255	0.127721	-0.0572935	-0.00020769	-0.000327317	-0.000136784
-0.006579012384774499	0.469720524438934	1.97009516	32.59915543	1.07745874	0.0840941	-0.006066714	-0.0718059537	-0.0744264775	-0.0247549354	0.063631257	0.0179480725	0.0082761416	0.0718601492	-0.029385267799999996	-0.0014050316	-0.055998833899999996	-0.0037566568	-0.040929171800000004	-0.009007192800000001	0.052714667800000004	-0.059967516500000005	0.0	0.00706143	0.13833100000000004	-0.0151565	-0.000586916	-0.000319194	7.458659999999998e-05
0.0737727631460165	0.3267485324500694	1.44495046	23.90958786	1.00618553	0.057070440000000014	0.046519878099999995	0.0155207093	-0.0490101258	0.058513593499999995	0.029111201099999998	-0.0265745488	0.0419940247	-0.0205121641	-0.0246176098	0.005247411800000001	-0.0396152032	0.056689171600000005	-0.041219285	-0.0082453026	0.052084354400000005	-0.060387729800000005	0.0	0.011858	0.13578	-0.0329853	-0.000943006	-0.000222989	0.000260173
0.005069460469552907	-0.0760240345867566	1.3505435	22.3474369	0.96040958	0.05183318000000001	-0.0421266305	0.0517971016	-0.0323408569	-0.0367996336	-0.0013684288000000001	-0.023112145299999998	-0.0484814628	-0.0401309862	-0.0071454898	0.010891692199999999	-0.0283292865	-0.0198925436	-0.0415078403	-0.007482165799999999	0.0514363237	-0.0607714253	0.0	0.0117823	0.116874	-0.0435516	-0.000943006	-0.000346909	-6.16106e-05
-0.07763005650019661	-0.13533935737229966	1.64704502	27.25364685	1.04825187	0.05707281	-0.0023459984	-0.0727014779	-0.013293638500000001	-0.0508437521	0.012185734699999999	-0.005735673100000001	0.0071564138	0.0596878491	0.0149456226	0.017097734099999998	-0.024311475699999998	-0.0409841305	-0.0417948267	-0.0067178978	0.0507707963	-0.061118370899999996	0.0	0.00912757	0.10275500000000001	-0.0320388	-0.000448279	-0.000409308	-4.3011e-05
-0.16664475130108686	-0.14742672109054286	1.38778269	22.96363449	0.97371179	0.054207879999999986	0.0469310483	0.0156557469	0.0080173842	0.0921707764	0.0174409531	-0.0086650483	0.044589095	-0.0234355031	0.0148949324	-0.00019235990000000003	0.0133197029	0.0740927743	-0.0420802334	-0.0059526142	0.0500879984	-0.0614283569	0.0	0.0117646	0.106067	-0.0580347	-0.000317836	-0.000222989	-0.000171508
-0.20931233298099	-0.16423405873438912	1.43339956	23.71845627	0.97121197	0.05959768	-0.0350652334	0.0631226773	-0.0023066089000000002	-0.057826691900000005	-0.050727685	-0.031364629500000005	-0.0523385827	-0.0574792122	0.007578501999999999	-0.0007923761	0.021291875	-0.053989926900000006	-0.0423640496	-0.0051864306	0.0493881625	-0.0617011957	0.0	0.0117881	0.120847	-0.0396139	-0.000141921	-0.000487217	-8.41834e-05
-0.28924943923450985	-0.0589172051229398	1.82066846	30.12659264	1.06884849	0.09632574000000002	-0.0184661634	-0.072959883	-0.004959666	-0.0365402602	0.060347543499999996	0.0625167348	-0.0014467864000000002	0.0775779447	0.0024315407999999997	0.0191706775	0.0320285035	-0.04021806	-0.0426462645	-0.0044194628	0.048671526500000006	-0.0619367225	0.0	0.00747614	0.136834	-0.0211105	-0.000943006	-0.000749275	-0.000171508
-0.1095122648393766	-0.015679198757290846	1.40356648	23.22480774	0.99414754	0.025560629999999984	0.0478671029	0.0032597015000000004	-0.0081660187	0.0499176364	-0.0317300199	-0.0255656615	0.046451906900000006	-0.0147502769	-0.0028190751	0.021930001400000003	0.017449355700000002	0.041968349	-0.042926867599999995	-0.0036518269	0.0479383341	-0.062134794800000004	0.0	0.0118176	0.142265	-0.025045	-0.000943006	-0.000669056	-1.46536e-05
0.01060287827278665	-0.20667684859236574	1.26160324	20.87574196	0.9264251	0.04626824	-0.0015123772	0.054615101500000006	0.001102145	-0.052042338099999995	0.0116699631	0.0414950858	-0.0142669819	-0.0543408078	-0.005934657800000001	0.0299930502	0.0088626606	-0.0458707767	-0.0432058482	-0.0028836389000000003	0.047188834900000004	-0.0622952927	0.0	0.0118063	0.105931	-0.0291093	-0.000943006	-0.0007296289999999998	-7.12534e-05
0.07269972298956799	-0.1303146447074457	1.33614171	22.10913086	0.9810282	0.03213227	-0.0685903376	-0.029549203	0.0091696542	0.0359688258	-0.0051054323	0.0128461828	-0.0524409092	0.049727878899999994	-0.0005939123	0.0336368844	0.0058695171	0.0276544833	-0.043483195700000005	-0.002115015	0.0464232838	-0.0624181193	0.0	0.00899801	0.121055	-0.0325543	-0.000997278	-0.000669056	-0.000171508
0.17105320835172594	-0.02086652166668806	1.43784499	23.79201317	1.00747955	0.043768940000000006	0.0482052878	-0.0384463047	0.016442810800000002	-0.006740537	-0.050400754400000004	-0.0160477524	0.05357332150000001	0.0274139511	0.009445714499999999	0.021770849900000003	-0.007686514300000001	0.0001636981	-0.0437588996	-0.0013460713	0.04564194110000001	-0.0625032003	0.0	0.0117819	0.0960219	-0.0366139	-0.000759432	-0.000669057	-0.000171508
0.27011264311924177	0.12533581731866694	1.29146957	21.36994171	0.94342846	0.026662250000000005	0.0269557286	0.048780941200000004	0.0139359362	0.0149272218	0.0459925993	0.044429301799999994	0.012795033600000002	-0.0535026324	-0.0117439437	0.0285683327	-0.0275096871	0.0228301137	-0.0440329496	-0.000576924	0.044845072699999995	-0.0625504842	0.0	0.0117819	0.100692	-0.0579514	-0.000772524	-0.000669057	-0.000171509
0.22005561277447172	0.12149450761348066	1.38191569	22.86655235	0.99124169	0.03031785	-0.0696329661	0.007140453000000001	-0.0085259175	0.045882617800000004	-0.0359976474	-0.0336716969	-0.0727308546	0.0045480211	-0.0178517329	0.0012550689	-0.0170279523	0.06734414799999999	-0.0443053354	0.0001923104	0.0440329496	-0.0625599424	0.0	0.0069101	0.105383	-0.0580372	-0.000359139	-0.000669057	-0.000171509
0.22339751623902102	0.3387694333042195	1.8135215	30.0083313	1.03847027	0.0724999	0.0417492706	-0.0403635812	-0.015878031	-0.0749992049	-0.021512009	-0.0448271725	0.041451427799999996	0.0297969125	-0.0153268173	0.019692845100000002	-0.04853106099999999	-0.057757498399999996	-0.0445760465	0.0009615158	0.0432058482	-0.0625315692	0.0	0.0117981	0.123524	-0.0262746	-0.000640697	-0.000669057	-9.8901e-05
0.19266968754215727	0.03277770613916281	1.24922359	20.67089653	0.96327186	0.02754623000000001	0.0322128351	0.0357550379	-0.0096514258	0.0094984392	0.0809603366	0.0084942289	0.0266898631	-0.0450078454	-0.013334906	0.0358390845	-0.0671402377	0.0423932787	-0.044845072699999995	0.0017305757999999999	0.0423640496	-0.0624653818	0.0	0.0118001	0.13694300000000004	-0.0304122	-0.000835584	-0.000669057	-9.40354e-05
0.2175890880424708	-0.2242738734653648	1.47651994	24.43196869	1.02894747	0.07942683000000002	-0.0712819383	0.0112361986	-0.0059425749	0.027263835299999997	-0.023253093500000002	-0.0494800039	-0.0781307691	0.0077888773	-0.0102005312	0.0177792798	-0.0577716782	0.0405755906	-0.045112404	0.0024993742	0.0415078403	-0.062361420099999995	0.0	0.0117819	0.100775	-0.054895	-0.000537901	-0.000669057	-0.000171509
0.06603648398145126	-0.19560651294280945	1.86517346	30.86301613	1.07339573	0.044867699999999996	0.0423058992	-0.0567661229	0.007628094100000001	-0.057333834199999996	0.011611927	-0.0206892102	0.050630299100000005	0.0432834941	0.0025797454	0.021268695299999998	-0.0461653567	-0.032365662	-0.0453780301	0.0032677947	0.0406375116	-0.0622197471	0.0	0.0117792	0.106611	-0.0201163	-0.000569312	-0.000615462	-0.000171509
0.1086813532410597	-0.2143274894558675	1.57080781	25.99214935	0.98200864	0.059120249999999985	0.026942641899999998	0.0472127133	0.0207246529	0.014943330800000001	0.0477208642	-0.0078428089	0.0127285429	-0.0566902866	-0.0002293641	0.0332223638	-0.0427785704	0.0185406989	-0.04564194110000001	0.0040357212	0.0397533594	-0.0620404485	0.0	0.011794	0.114257	-0.0552622	-0.000356328	-0.000669057	-0.000111817
-0.03604963102472738	-0.4069012579749988	1.57962108	26.13798141	1.03368986	0.043919849999999996	-0.0649770972	-0.0356598944	0.0194270718	0.052679682900000004	0.0391613027	-0.005832864399999999	-0.0465200969	0.0503417982	0.0033049624	0.0279116912	-0.05183874769999999	0.0518724741	-0.045904127	0.0048030375	0.0388556846	-0.0618236326	0.0	0.0117969	0.123512	-0.0380689	-0.00028239	-0.000942413	-0.000113896
0.1071853551065529	-0.4064408617339239	1.4866178	24.59905815	1.10928607	0.1293551	0.051815512599999995	-0.0193840155	0.0312705316	0.0391286696	-0.0923629295	-0.0317474046	0.0592125365	0.0025795834	-0.00352425	0.0639516083	0.0027268859000000004	0.0517929815	-0.0461645778	0.0055696276	0.0379447925	-0.0615694305	0.0	0.0143331	0.174141	-0.0112176	-0.000698028	-0.00110168	0.000297971
-0.5134015684097277	-0.8929650953789297	1.51126015	25.00681496	1.13230658	0.1392134	0.0042323215	0.045581822800000005	0.056497124800000006	-0.04309007559999999	0.0350476767	-0.0014347001000000002	-0.0040359415	-0.051520742	0.0597723035	-0.0080821776	0.0067431441	-0.0082102099	-0.0464232838	0.0063353757	0.0370209929	-0.0612779961	0.0	0.0118988	0.0813705	-0.0348551	-0.000359336	-0.00103295	0.000297971
-0.4798189409700666	-1.326526879647001	1.36062896	22.51432037	1.04605246	0.033379200000000005	-0.06702292929999999	-0.0147249335	0.0559653274	0.0163641873	-0.0357905911	-0.0033765803000000002	-0.0604150804	0.0269008391	0.0634368035	-0.0042469063	0.055727734699999996	0.0870371496	-0.046680235099999995	0.007100166	0.0360846002	-0.0609495054	0.0	0.0118855	0.106338	-0.0305682	-0.000277726	-0.00103357	0.000297971
-0.5875106015551093	-0.9305883816811916	1.5219419	25.18356514	1.15913165	0.08476224999999998	0.0457522978	-0.0496743933	0.0767489433	-0.0231660942	-0.049477438	0.029800108399999997	0.0563437062	0.0299694933	0.0658525421	-0.0075458212	0.1113461971	0.025150515499999998	-0.046935422000000004	0.007863882800000001	0.0351359328	-0.060584157300000004	0.0	-0.0109065	0.120061	-0.0315099	0.00017191	-0.001056	-0.000176074
-0.4551794643880619	-0.5620845749923198	1.41133642	23.35337639	1.22919095	0.14124165	0.044753911699999996	0.049582510999999996	0.044689314	0.07661751730000001	-0.0372867207	0.0829006883	0.0369951944	-0.057569141399999996	0.0233974317	-0.0053900651	0.1217719742	0.0976203757	-0.047188834900000004	0.0086264108	0.0341753133	-0.0601821725	0.0	-0.0249783	0.135876	-0.0457968	0.000919802	-0.000609658	-0.000923199
0.21207716116773645	0.11220721149355506	1.55693889	25.76266098	1.42043269	0.181891995	-0.0305814694	0.0524617388	0.018366553	-0.0383860661	-0.0397445374	0.0026860037	-0.0495677747	-0.045946884699999996	-0.0163258744	0.0368155237	-0.0103481773	-0.08481440230000001	-0.0474404643	0.0093876345	0.0332030687	-0.0597437942	0.0	0.00908294	0.150229	-0.07780679999999998	-0.000123355	-0.000614632	5.80251e-05
0.3403721093443576	0.3649773581309941	1.26053333	20.85803986	1.03437841	0.07989128499999999	-0.0601671376	-0.0221493523	0.0027280928000000004	0.0012483815	-0.0284775669	-0.0166507805	-0.0522408505	0.0389291882	-0.0179115345	0.011559664099999999	0.010590945	-0.0237158185	-0.0476903005	0.0101474389	0.0322195296	-0.0592692876	0.0	0.00693361	0.0931345	-0.0778027	-0.000172809	-0.000669057	-0.000250963
0.2780530447669817	0.4050916263491351	1.52968609	25.31170845	1.01680744	0.04890354	0.0258340448	-0.059890239000000005	-0.0044689552	-0.0410141112	0.0158245789	-0.0253980845	0.034261723	0.0531270487	-0.0109864075	0.0013058494000000001	-0.0350319023	-0.0680329182	-0.0479383341	0.010905709199999999	0.031225030600000002	-0.0587589394	0.0	0.00901585	0.111293	-0.06948790000000002	-0.000481246	-0.000669057	-0.00015244
0.18566974356513707	0.24260493248727796	1.24594748	20.61668777	0.9695096	0.016950180000000002	0.0503592541	0.0204714002	-0.0101356215	0.0425784351	0.061391862900000004	-0.0253771376	0.042010312800000005	-0.0240046557	-0.0033077364	-0.0091573545	-0.058309295	0.0287291514	-0.048184555899999995	0.011662330700000001	0.03021991	-0.058213058399999996	0.0	0.00902947	0.111291	-0.0568883	-0.000481246	-0.000669057	-6.57408e-05
0.3300020206197434	0.1417835677607011	1.27538908	21.10385704	0.98100793	0.051427595	-0.024130195099999998	0.0603383962	-0.0099254794	-0.0207755417	0.004011029	-0.0043601182	-0.0360892216	-0.0542588312	-0.0184125284	0.032128729700000004	-0.0600050184	-0.0261791254	-0.048428956399999994	0.012417188999999999	0.0292045096	-0.0576319747	0.0	0.00905044	0.132074	-0.0339841	-0.000481246	-0.000730191	2.75137e-05
0.041947960381978594	0.0019495635305280532	1.23623157	20.45591736	0.97644097	0.062022135	-0.057585606799999994	-0.0209717109	-0.009538711600000001	0.0086227157	0.0090872458	-0.011290047099999999	-0.0486979307	0.0366106476	-0.0111082008	0.0202732549	-0.0475753511	0.0477079272	-0.048671526500000006	0.01317017	0.028179174900000003	-0.0570160396	0.0	0.00908156	0.111268	-0.0248769	-0.000843285	-0.0008867289999999998	0.000150493
0.030142645088653112	-0.024833619079822844	1.38803732	22.96784782	1.00126827	0.03544778	0.023561298900000003	-0.0552940003	-0.008474513000000001	-0.014594685500000001	0.0002774166	-0.02156023	0.0330370091	0.0450483042	0.0026841658000000003	0.0165276393	-0.0562130536	-0.026701928700000002	-0.048912256900000006	0.0139211599	0.027144254700000002	-0.056365625700000005	0.0	0.00906598	0.111282	-0.013646	-0.000662767	-0.000583501	0.000150493
0.2505332971841322	0.0849785675403461	1.23816514	20.48791313	0.96861058	0.04722067	0.0526716678	0.0171260063	-0.0027408756	0.0474616566	0.0678942008	-0.013006112	0.0465203279	-0.025065625	0.0082847891	0.021481351	-0.0828528998	0.037111469700000004	-0.049151138600000005	0.014670045100000001	0.026100101	-0.0556811262	0.0	0.0115757	0.0940315	-0.0368009	-0.000662212	-0.000669057	0.000150493
-0.021867102330245136	-0.4333765019210956	1.6586436	27.44556808	1.01560688	0.018080490000000005	-0.0597294871	0.0430224421	0.0034803612	0.0019440424	-0.011714760500000001	-0.0609208568	-0.0702691778	-0.026875417000000002	0.01748349	0.0172292357	-0.048257790099999996	-0.0088271214	-0.0493881625	0.0154167123	0.025047068999999998	-0.054962955099999995	0.0	0.00907161	0.0944712	-0.0444989	-0.000513438	-0.000669057	0.000150493
-0.21822447352946747	-0.03279235152842713	2.62178516	43.38266754	1.21736789	0.066141865	0.0195453849	-0.0591302991	0.0024922057999999998	-0.09252391859999999	0.0582907789	-0.0080339924	0.0328938452	0.0516007624	0.0263240584	0.0234622241	-0.07504976599999999	-0.0597900625	-0.049623319699999995	0.016161048799999998	0.0239855169	-0.0542115466	0.0	0.00905093	0.0903888	0.00834032	-0.000578868	-0.000669058	3.19327e-05
0.10238030064548988	-0.6048441444140644	1.62830746	26.94359589	1.15273809	0.099178257	0.0355493936	0.0286000488	0.0150626907	0.019107949699999998	0.054262293899999994	0.0151335148	0.0253567704	-0.0389395437	0.014463446999999999	0.07096252269999999	-0.0758888185	0.060670345	-0.0498566013	0.0169029419	0.0229158057	-0.0534273552	0.0	0.00907161	0.16216	0.000427508	-0.000849778	-0.000669057	0.000150493
-0.2049876145134402	-1.2273356468098595	1.64318645	27.18979836	1.03561878	0.043168558	-0.0522239595	0.027757269100000002	0.0638921065	0.015098759299999999	0.0269410686	-0.0092491799	-0.06373562099999999	-0.0172472973	0.0564509059	0.0561992493	-0.0146053111	0.027905007599999997	-0.0500879984	0.017642279599999998	0.0218382995	-0.0526108551	0.0	0.00907161	0.14373	-0.0195571	-0.0009448560000000002	-0.000669058	0.000150493
-0.1632482020990347	-1.3613485454502299	1.53872001	25.46119308	1.01726782	0.06242469	-0.0156352973	-0.0625393447	0.0938951478	-0.0182317501	0.0111130672	0.0070001512	0.0008238669	0.0612421338	0.0701125738	0.0817280819	-0.0271069059	-0.0343227772	-0.050317502400000005	0.0183789499	0.0207533646	-0.0517625401	0.0	0.00909709	0.115962	-0.00509419	-0.00099865	-0.00101863	0.000150493
-0.28386947950643915	-1.4444847465233817	1.36115968	22.52310181	0.97128934	0.06985814000000001	0.0484597399	-0.0125860858	0.12164895619999999	0.0575385344	-0.0389783507	0.0040957568	0.0462402582	-0.0048078333	0.07842409780000001	0.0602550003	0.0323164787	0.0224239244	-0.0505451046	0.0191128416	0.0196613702	-0.050882923	0.0	0.00908101	0.10138	-0.0371982	-0.000665933	-0.000888227	0.000150494
-0.2592109733518546	-1.201133033619344	1.22671521	20.29845047	0.93287605	0.013839000000000002	0.0189571191	0.0586749079	0.1145064465	-0.028252972299999998	-0.0036927965999999997	0.0716249337	0.0034285149	-0.06432995400000001	0.0694383078	0.0659399848	0.0405089339	-0.0429065178	-0.0507707963	0.0198438438	0.0185626877	-0.049972536	0.0	0.00907161	0.0986793	-0.0371929	-0.000669235	-0.000669058	0.000150493
-0.3429770877920165	-0.9114306906070702	1.43476713	23.74108505	1.03538132	0.023126450000000007	-0.0748902711	-0.0081690321	0.0852849974	0.0185379703	-0.056904259400000004	0.024715262999999998	-0.076688806	0.026018264300000003	0.0607986	0.0303652702	0.088430984	0.0007471285000000001	-0.050994569000000003	0.020571845800000002	0.0174576908	-0.04903192940000001	0.0	0.00907161	0.0853176	-0.0372235	-0.000474553	-0.000669058	0.000150494
-0.12594736873343929	-0.3474535211235545	1.63977075	27.13327789	1.05783331	0.08165294	0.0410715883	-0.058961602	0.0442767021	-0.070998418	-0.0421527945	0.0060342928	0.050899504000000005	0.0425683429	0.0353413973	0.0158361269	0.067601199	-0.0815138116	-0.0512164143	0.021296737599999997	0.0163467555	-0.0480616721	0.0	0.015731499999999995	0.130028	-0.030456	-0.0009448560000000002	-0.000669058	0.000150494
0.2396463332936209	-0.3115722254352053	1.19055974	19.70018578	0.95385015	0.030431199999999995	0.042338838600000005	0.024726862599999996	0.0358320767	0.0404577499	0.043980985300000004	0.0220485388	0.0392254742	-0.0321101165	0.021978057599999996	0.025072302999999997	0.0018665123000000002	0.0353440397	-0.0514363237	0.0220184096	0.015230259599999999	-0.0470623508	0.0	0.0161221	0.143156	-0.0371786	-0.00081066	-0.0007386619999999998	0.000150494
0.3550039912838844	-0.5068006125680264	1.2406882	20.52966118	0.96695203	0.02450769999999999	-0.030488094599999998	0.0546938887	0.0291177993	-0.023070542599999997	-0.013248720600000001	-0.05570693349999999	-0.0432822297	-0.0449319096	0.0185166008	0.0303838704	-0.0341899761	-0.0203084688	-0.051654289000000006	0.0227367528	0.0141085829	-0.0460345699	0.0	0.0166761	0.129423	-0.0371479	-0.0009448560000000002	-0.000669058	0.000150494
0.2752203522920331	-0.5768263337697348	1.56490302	25.89444351	1.03525412	0.043356700000000005	-0.046538669500000004	-0.0582457038	0.04273188519999999	0.0047191063	0.06853812	0.0326397619	-0.0251993588	0.0660982167	0.0371104301	0.042737469400000005	-0.0712461618	0.014814258	-0.051870302	0.0234516585	0.012982107	-0.0449789509	0.0	0.0149243	0.116106	-0.0371949	-0.0007423259999999999	-0.0008992479999999998	0.000282592
0.2529102029151311	-0.657427780601292	1.37780154	22.79847527	0.99834549	0.04565305000000001	0.050414234	-0.0192016251	0.046524015499999995	0.0190082362	-0.0587728916	-0.0576563218	0.047546834	0.0068415557999999994	0.0304669601	0.0405230013	-0.058912844000000006	0.0294720173	-0.052084354400000005	0.0241630186	0.0118512151	-0.043896132000000004	0.0	0.0243469	0.112179	-0.0271623	-0.0009448560000000002	-0.000669058	0.000269895
0.2584083214106736	-0.8066807773713716	1.31869912	21.82050705	0.95314938	0.04362100000000001	0.0178842321	0.0496764986	0.05612144349999999	-0.051686544400000006	0.0574481437	0.0008950315	0.0036129765	-0.0599367092	0.0436268095	0.0549583034	-0.10560332800000001	-0.0321319422	-0.0522964382	0.0248707256	0.0107162918	-0.042786768200000005	0.0	0.0186609	0.130006	-0.0254508	-0.000636073	-0.000669058	0.000329042
0.09648900380208517	-0.9506907556910932	1.56318009	25.86593246	1.03055465	0.0354358	-0.0713718122	-0.0313840323	0.0461773813	0.05416350019999999	0.0316413497	-0.0110264878	-0.0628573445	0.0499387538	0.0423398334	0.051275928	-0.089205713	0.0691888017	-0.052506545300000006	0.0255746725	0.009577723100000001	-0.041651530299999996	0.0	0.0204009	0.114164	-0.035426	-0.000764576	-0.000669058	0.000299973
-0.05825571930867717	-0.9073362378073292	1.58215272	26.17987442	1.02395689	0.06011708	0.0402564347	-0.0280295316	0.048281258	-0.000924585	-0.0183941477	-0.0704818615	0.0430535112	0.0126867046	0.0583178861	0.0399390304	-0.0812283067	-0.0093021356	-0.052714667800000004	0.0262747528	0.0084358965	-0.0404911048	0.0	0.0168178	0.126632	-0.00873187	-0.0009448560000000002	-0.000669058	0.00046713
-0.15397693345771005	-1.3496168278699014	1.44028866	23.83244896	0.97709143	0.04736203	-0.0129785351	0.059041228099999996	0.0431629929	-0.0348382667	0.0273850527	-0.0386710476	-0.0256927288	-0.0520002076	0.059408232000000005	0.058114700199999994	-0.0865107718	-0.023613301899999998	-0.052920797900000004	0.0269708608	0.0072912004	-0.0393061934	0.0	0.0193859	0.137011	-0.0222846	-0.0008710239999999998	-0.000886267	0.000340927
-0.06649660360795165	-1.5506987314767418	1.70274246	28.17527199	1.04998541	0.034875570000000015	-0.0356853194	-0.0570803918	0.0740344569	-0.0322621477	0.0964367341	0.0030657718	-0.0228154127	0.061899844100000004	0.0809001354	0.0624191997	-0.08551763679999999	-0.0180308934	-0.0531249278	0.0276628911	0.0061440240000000005	-0.0380975126	0.0	0.0180039	0.138717	0.00480287	-0.0009448560000000002	-0.00089715	0.00033164
-0.2970618275043103	-1.7521533601853088	1.45629132	24.09724617	0.99721652	0.019121443000000002	0.0364630586	-0.0104596765	0.0824310908	0.0534430183	-0.0290372278	-0.0671966261	0.0365250237	-0.0015702126	0.1036285997	0.0732781442	-0.0330004185	0.0424760342	-0.0533270497	0.0283507392	0.0049947576	-0.0368657935	0.0	0.0189916	0.132079	-0.000116323	-0.0009448560000000002	-0.0008059729999999998	0.000371994
-0.44975008930425775	-2.0018082743236194	1.44220972	23.86423683	0.94288737	0.070283077	0.0016226654999999999	0.045611653700000004	0.0992781818	-0.0622386571	0.010896181999999999	0.0118038916	-0.010534935300000001	-0.0531165519	0.1145949284	0.053315094900000005	-0.007604044200000001	-0.0549887836	-0.053527156	0.029034301000000002	0.0038437921999999996	-0.0356117807	0.0	0.0211812	0.103693	-0.0240836	-0.000749333	-0.000878677	0.000325417
-0.4754825586234337	-1.9485525123739256	1.37621737	22.77226257	0.99450022	0.009269800000000003	-0.0711337956	-0.0303701039	0.11096872449999999	0.0087087509	0.0060176553	0.03745987	-0.060099768899999996	0.0425252479	0.10589277300000001	0.0542963858	0.0512756274	0.0082007613	-0.0537252391	0.0297134733	0.0026915193	-0.0343362328	0.0	0.019738	0.10607200000000001	-0.0240867	-0.00075457	-0.000946089	0.000361658
-0.4302210725466327	-1.603155147618632	1.48517978	24.57526207	1.00788701	0.020201950000000007	0.0511526417	-0.0443426918	0.0982141718	-0.0409489442	-0.0846334881	0.0003916356	0.0555234695	0.0285217866	0.0901323686	0.0464601903	0.08743557910000001	-0.0372022938	-0.053921291600000004	0.030388153199999997	0.0015383308	-0.0330399209	0.0	0.0223402	0.11221900000000001	-0.0183189	-0.000815907	-0.000991293	0.000368816
-0.15398368381293756	-1.2862846648720294	1.20777369	19.98502541	0.93907791	0.03257444999999999	0.0306789581	0.037466684199999996	0.0858335178	0.0462521304	0.0109590817	0.0220044497	0.0236521406	-0.0412206896	0.0674894802	0.0439092684	0.0423737851	0.0269602635	-0.054115305999999995	0.0310582389	0.000384619	-0.031723629100000005	0.0	0.0208862	0.122945	-0.0182991	-0.0008584219999999999	-0.00102314	0.000701947
0.029152790435267775	-1.2444805604889602	1.17567551	19.45389748	0.94786292	0.040869649999999993	-0.0400886719	0.046722578499999994	0.0717383982	-0.023500044700000004	-0.0254217559	-0.012126753700000001	-0.0532934022	-0.037192732	0.0553981523	0.0405599045	0.031198862200000003	-0.0317630405	-0.054307275	0.031723629100000005	-0.0007692236	-0.030388153199999997	0.0	0.0192809	0.118036	-0.0240574	-0.0009448560000000002	-0.00107571	0.00026901
0.08198788589151781	-1.0929457937304359	1.47679007	24.43643761	0.98936343	0.0158792	-0.047577416	-0.0500808571	0.061319190700000005	0.011857191699999999	0.0337279183	0.052061329100000005	-0.0221193209	0.0589132592	0.050045398600000006	0.048044535	-0.018837625900000002	-0.012405788700000002	-0.0544971914	0.032384223	-0.0019228045000000001	-0.029034301000000002	0.0	0.0234755	0.123877	-0.0182138	-0.0009448560000000002	-0.00107571	0.00026901
0.15373014802445134	-1.0637433743047842	1.28745019	21.30343246	0.94878381	0.020285510000000007	0.048745010199999994	-0.033595382400000005	0.06936972870000001	0.007530864399999999	-0.0459979545	-0.0125607165	0.0516742374	0.022319118199999998	0.0428507003	0.0574363955	-0.0152879865	0.0030479688	-0.0546850479	0.0330399209	-0.0030757314	-0.0276628911	0.0	0.0229385	0.128841	-0.00959099	-0.00106809	-0.00107571	0.00026901
0.3033570456172804	-1.0607336948050072	1.17566359	19.45369911	0.92696178	0.04421499000000001	0.031370519	0.0386561696	0.0776916745	0.0003437678	0.025429863599999998	0.0333828632	0.020293248	-0.044429414699999996	0.030561997799999997	0.08575960140000001	-0.0497081864	0.0217552277	-0.0548708376	0.0336906236	-0.004227612	-0.0262747528	0.0	0.0239424	0.128217	0.0098211	-0.00117724	-0.00143006	0.00026901
0.23739313356756025	-1.1422457196857363	1.31539941	21.76590729	0.98990542	0.05659800999999999	-0.0673314675	0.0210424602	0.07423982	0.045190288499999995	-0.020735176299999998	-0.010399505	-0.0719949366	-0.0003454656	0.044702892800000005	0.056488196	-0.029433115099999997	0.0528479277	-0.0550545532	0.0343362328	-0.0053780545	-0.0248707256	0.0	0.0174752	0.118187	-0.00737436	-0.0009448560000000002	-0.00132802	0.000392693
0.08640835837577726	-1.0913693632868549	1.65951586	27.46000099	1.01129961	0.04847309000000001	0.0163502609	-0.0609210087	0.0829889523	-0.068221945	-0.0065121164	0.013768561	0.030030109	0.048827103600000005	0.0543407701	0.0662032124	-0.0352498784	-0.044846440099999996	-0.055236188	0.0349766507	-0.0065266676	-0.0234516585	0.0	0.0211405	0.0974092	-0.012604700000000003	-0.0009448560000000002	-0.00107571	0.00026901
0.061320451556814176	-1.1268054123189608	1.24157894	20.54440117	0.93716156	0.03486729999999999	0.042259798	0.0139745783	0.092510975	0.077985127	0.019672578899999998	0.0183016178	0.0412550791	-0.0267558106	0.0617615967	0.060606935300000005	-0.027250986	0.0761724332	-0.055415735	0.0356117807	-0.007673060600000001	-0.0220184096	0.0	0.0297483	0.112216	-0.0240574	-0.0009448560000000002	-0.00107571	0.00026901
-0.06985170011222963	-1.3313351628542536	1.32173371	21.87072182	0.9474588	0.02750825	-0.0439755763	0.0544517121	0.0951089935	-0.0108786096	-0.0269198629	-0.0269247874	-0.0595829895	-0.0473786212	0.06899616809999999	0.0551231546	-0.0174230499	-0.0086361385	-0.0555931875	0.0362415267	-0.0088168435	-0.020571845800000002	0.0	0.0190606	0.118073	-0.0240967	-0.0007263709999999999	-0.00107571	0.00026901
-0.2598094864862486	-1.323000878898697	1.75244188	28.99764824	1.01769698	0.02805036	-0.013597091799999999	-0.0751206937	0.102366632	-0.059777576900000004	0.0375900955	0.0346647816	0.002414832	0.0678024594	0.08333818929999999	0.05400968900000001	-0.0206113722	-0.0357441412	-0.0557685387	0.0368657935	-0.0099576272	-0.0191128416	0.0	0.0186723	0.112221	-0.00810889	-0.000842816	-0.00107571	0.00026901
-0.17456210529851665	-1.306645461253403	1.42082846	23.51044083	0.97531062	0.04381871	0.0400587385	0.0044680284999999995	0.11064139	0.072832197	-0.037801993799999996	-0.0102327997	0.0375315355	-0.0168230157	0.0763261932	0.0523186883	0.0009570836	0.0505481412	-0.0559417821	0.0374844866	-0.011095023600000002	-0.017642279599999998	0.0	0.014498	0.130299	-0.0240829	-0.000801714	-0.00107571	0.000339756
-0.09491627917257188	-1.3369360038736593	1.30664372	21.62102699	0.95530736	0.06892657	-0.0088704361	0.0597890417	0.1073307458	-0.045539366500000004	-0.0259984601	0.046506934699999995	-0.0229923395	-0.0583267118	0.0641258631	0.0731140299	0.0072557422	-0.0485747239	-0.056112910999999994	0.0380975126	-0.012228646000000001	-0.016161048799999998	0.0	0.0217829	0.14388	-0.00284723	-0.0009448560000000002	-0.0014650799999999997	0.000335768
-0.16134826637146396	-1.2970522440579284	1.3855896	22.92734528	0.99961609	0.03278737	-0.0667849672	-0.0371108632	0.102837236	0.0157002602	-0.0092835022	0.061543920599999996	-0.0531446362	0.04800781230000001	0.0585348586	0.053488472999999995	0.044944835700000005	0.0250669051	-0.05628191900000001	0.0387047788	-0.013358108600000002	-0.014670045100000001	0.0	0.0217432	0.121282	0.00355404	-0.0009448560000000002	-0.00145687	0.00026901
-0.1220106166073239	-1.084944897704429	1.43670022	23.77307129	1.01170743	0.03340574	0.048070882599999996	-0.042157441	0.09351622970000001	-0.026543880699999998	-0.0752568094	0.0065429923	0.0522924478	0.0253865546	0.0607887582	0.052085169800000004	0.0619897362	-0.0320241567	-0.056448799800000005	0.0393061934	-0.0144830273	-0.01317017	0.0	0.0176704	0.12099	-0.0129896	-0.00079745	-0.00135433	0.00026901
-0.1682539854909991	-0.8888373493062466	1.17061138	19.37010002	0.92168981	0.0258652	0.0343034891	0.0326619072	0.0883178557	0.06701584719999999	0.0163617422	0.0703127228	0.0298890573	-0.0415593794	0.057126747400000004	0.0384785683	0.0499230989	0.0528271091	-0.056613546900000006	0.0399016654	-0.0156030194	-0.011662330700000001	0.0	0.0212363	0.106697	-0.017644799999999995	-0.000779498	-0.00130526	0.00026901
-0.13574562888580302	-0.7903566764771266	1.25569892	20.77804375	0.96340364	0.03182534999999999	-0.0541559609	0.0526088974	0.0762780322	-0.0178944653	-0.0731412523	0.0082308295	-0.06456765240000001	-0.0431011107	0.033617749700000005	0.0459988766	0.0810683785	-0.0255528647	-0.0567761542	0.0404911048	-0.016717703799999997	-0.0101474389	0.0	0.0226871	0.129177	-0.0159891	-0.000777391	-0.0014279300000000004	0.00026901
-0.17483742336130886	-0.5933379912178668	1.64417684	27.20618629	1.02496159	0.028767099999999986	-0.0278289421	-0.07888705309999999	0.0491463012	-0.0229114313	0.012227307199999999	0.0803699982	0.001080103	0.0775070031	0.0313738048	0.0319853029	0.0514488121	-0.0430601466	-0.0569366156	0.0410744225	-0.017826701599999998	-0.0086264108	0.0	0.0222393	0.120541	-0.0186279	-0.0009448560000000002	-0.00147905	0.000391315
0.0629027027030338	-0.4550307746613178	1.35730028	22.45924187	0.98820025	0.030806199999999995	0.057380878600000004	-0.0071672953	0.049127831100000005	0.0339496397	-0.0516570311	0.0008171985	0.055395758499999996	-0.0060429093000000005	0.026434915	0.015752358	0.023690873799999998	0.025054281400000003	-0.0570949249	0.041651530299999996	-0.0189296353	-0.007100166	0.0	0.0206059	0.11733	-0.0240574	-0.0009448560000000002	-0.00107571	0.000398621
0.1343457036748639	-0.4782406578843562	1.21436489	20.09408951	0.93354422	0.04657945	0.0144714457	0.0522298028	0.0464210122	-0.0416107697	0.0283412837	0.056333530300000004	0.0003700694	-0.0549562681	0.0048484206	0.0339421831	0.0032567840000000004	-0.0296960021	-0.0572510763	0.042222341	-0.0200261298	-0.0055696276	0.0	0.0216353	0.13898700000000003	-0.0199664	-0.000749697	-0.0012479	0.000369929
0.05189940768747287	-0.4552812442825232	1.27933979	21.16922951	0.992715	0.028848250000000006	-0.0709260729	0.006752448	0.039206048	0.0379013346	-0.0370703852	-0.0137507416	-0.0681385009	0.010715651999999999	0.0044543622	0.0176761372	0.0172058461	0.0299778513	-0.0574050637	0.042786768200000005	-0.0211158122	-0.0040357212	0.0	0.0207927	0.143046	-0.0131907	-0.0008022459999999998	-0.00152615	0.000382549
-0.018668522221966827	-0.3414637994976725	1.5688225	25.95929909	1.00856328	0.0565234	0.0129315393	-0.0739158878	0.0324420542	-0.0273259823	-0.0095491157	0.0253195006	0.025506940099999997	0.0637577479	0.0097138182	0.0165870727	-0.006476960699999999	-0.0319961218	-0.0575568813	0.0433447267	-0.022198311800000002	-0.0024993742	0.0	0.0167256	0.118424	-0.0240693	-0.0009448560000000002	-0.00136782	0.000420723
0.3343101708696664	-0.2319413549585121	1.25911677	20.83459854	0.94181103	0.026636099999999992	0.0513494958	0.0016565183	0.0302963789	0.0730110056	-0.0286480623	0.0053460004	0.051085598600000004	-0.0109910668	-0.0082455377	0.0213821077	-0.0390016242	0.042219131900000005	-0.057706523499999995	0.043896132000000004	-0.0232732602	-0.0009615158	0.0	0.0234191	0.109172	-0.0240905	-0.000858772	-0.00146703	0.000448817
0.23948674020252286	-0.16504536291006022	1.23130083	20.37432861	0.94656914	0.06285576	0.0018188411	0.0617180013	0.019751451399999998	-0.05100293559999999	0.007308473199999999	0.031759933500000004	-0.0074176908	-0.0569915268	-0.0198722674	0.023129129100000003	-0.0333323283	-0.0528468086	-0.0578539846	0.0444409009	-0.024340292000000003	0.000576924	0.0	0.0272617	0.143036	-0.00943624	-0.0009448560000000002	-0.00134802	0.000453621
0.08840221129050467	-0.08910561806657102	1.36837745	22.64253426	1.01426244	0.03500845	-0.0695859696	-0.0177851663	0.0008595874	0.037367001600000005	-0.0263258046	0.0187271231	-0.0640321779	0.0346770944	-0.0300968252	0.015891863200000002	-0.0043713106	0.0477351635	-0.057999259000000004	0.0449789509	-0.0253990441	0.002115015	0.0	0.0243636	0.143027	0.00499681	-0.00112665	-0.0014822	0.000491013
0.12995746299055552	-0.02387655104301156	1.51575637	25.081213	0.98469979	0.018242399999999985	0.031157969	-0.061061384	-0.0051376751	-0.0339832219	-0.019211225	0.015551677	0.0399848658	0.0553467208	-0.0185401834	0.0134898248	-0.014836647199999999	-0.0411424424	-0.0581423411	0.045510200599999995	-0.0264491563	0.0036518269	0.0	0.024835	0.137986	0.00917751	-0.00120602	-0.00149675	0.000568079
0.1597571224223764	-0.03952911142712945	1.19554913	19.78274536	0.9568817	0.06951851	0.039254853199999995	0.0159600934	-0.0023353478	0.0882882624	0.026574437599999997	0.022985504	0.043120285700000004	-0.0207274366	-0.0092947212	-0.0001185025	-0.0214021556	0.0701042538	-0.0582832257	0.0460345699	-0.0274902715	0.0051864306	0.0	0.0187738	0.112236	-0.0170715	-0.000998651	-0.00148391	0.000559122
0.1400482431357555	-0.04786435711869064	1.35075712	22.35097122	0.95021188	0.024069450000000006	-0.0179217862	0.0707004497	-0.007744500200000001	-0.0683968053	-0.0456913729	0.0033560774	-0.0363187965	-0.06817369940000001	-0.019344937	0.0007003799000000001	-0.0180755224	-0.0826047038	-0.058421907300000006	0.046551979400000006	-0.028522035499999997	0.0067178978	0.0	0.0244654	0.101629	-0.0205736	-0.0009448560000000002	-0.001493	0.000581612
-0.07320587360842151	0.021511346558996225	1.66812372	27.60243607	1.04175901	0.04001045	-0.0468464234	-0.0683384331	-0.0201056426	0.0279850512	0.0560707583	0.0557075601	-0.0246190872	0.0750797063	-0.0072827065000000005	-0.0179587361	-0.026628965499999997	0.0117967795	-0.058558380800000004	0.0470623508	-0.0295440973	0.0082453026	0.0	0.0217141	0.123451	-0.0231759	-0.0009448560000000002	-0.00150559	0.000337505
0.04282704033485482	0.06352360701725435	1.45177114	24.02244949	1.03014541	0.06801203999999998	0.055086811299999996	-0.0070571426	-0.017762043999999998	0.0459961784	-0.0527471313	-0.0288003552	0.055825147	-0.0075916606	-0.0208462472	-0.008253050999999999	-0.0014639976	0.0235095441	-0.058692640899999995	0.0475656071	-0.030556109300000002	0.0097677213	0.0	0.023014	0.14290000000000003	-0.00728996	-0.00118276	-0.00141254	0.000634095
-0.012593670816198554	-0.1208443416836047	1.28509402	21.26444435	0.93421674	0.01864418	-0.0038949453000000005	0.054425588899999995	-0.0032173714000000003	-0.0511074908	0.0302456926	0.033231099900000005	-0.0107779927	-0.059735193799999996	-0.010801086599999999	0.013720047800000001	-0.03025047	-0.054485041100000006	-0.0588246827	0.0480616721	-0.0315577273	0.0112842332	0.0	0.025424	0.13676700000000003	-0.00822404	-0.00117853	-0.00152943	0.000571873
-0.049214642373491914	-0.2552375093413167	1.34879386	22.31848526	1.00090611	0.055892259999999985	-0.06655591820000001	-0.0256005157	0.0007420694000000001	0.019758111999999998	-0.0247988819	-0.021532504700000003	-0.057563637800000005	0.0415001738	0.0051451708	-0.01457461	0.0177003503	0.0208217485	-0.058954501	0.0485504708	-0.0325486104	0.012793921299999999	0.0	0.0249255	0.0999565	-0.0159508	-0.00101107	-0.00148583	0.000565803
-0.2570667114955564	-0.02505327474896546	1.4910543	24.67246819	1.01952338	0.06773755000000001	0.0501119828	-0.0340220358	-0.000139207	-0.033497452000000004	-0.027355803300000002	-0.0090693601	0.0505827538	0.022740308100000002	0.0007261664	-0.0147060004	0.0554385259	-0.0333023271	-0.059082091100000005	0.04903192940000001	-0.033528421600000004	0.0142958727	0.0	0.0371044	0.125929	-0.00964975	-0.0009448560000000002	-0.00165702	0.000337505
0.08524600688780246	0.11936255424521225	1.25703704	20.80018616	0.95782763	0.07507542	0.0359936857	0.04418875110000001	-0.0006484154	0.022007124500000003	0.0379431665	0.0572993175	0.0263845018	-0.04470821690000001	-0.0112703286	0.0021310126	0.0359289231	0.0237152881	-0.059207447999999996	0.049505975	-0.0344968277	0.0157891789	0.0	0.0274862	0.142935	0.00235512	-0.00118015	-0.00186835	0.000619808
-0.1733116455954691	0.16986646494431235	1.30714762	21.62936592	0.96841013	0.0355293	-0.0536305882	0.0325241137	-0.0181484033	0.00864385	-0.0827061466	-0.0263784158	-0.0662715562	-0.0205870093	-0.018419952	-0.0163726363	0.0622704678	-0.0051289219	-0.0593305671	0.049972536	-0.0354534992	0.0172729372	0.0	0.0278295	0.125895	0.00320527	-0.00114729	-0.0016502	0.000714715
-0.07333908061960727	0.2879559988384558	1.66334236	27.52331734	1.0378505	0.06128598000000001	0.0045008402	-0.0675346781	-0.0342503094	-0.0440681593	0.0035362701000000002	0.0375242752	0.0189058026	0.0617529444	-0.018978446399999998	-0.018093755	0.0226078668	-0.0628649511	-0.0594514436	0.0504315418	-0.0363981108	0.0187462501	0.0	0.0372091	0.110154	-0.00780721	-0.00132388	-0.00148583	0.000876813
0.05500958109861778	0.5052745115738669	1.30736661	21.63298988	0.98075598	0.05516194000000001	0.0376803912	0.0112790706	-0.0325186548	0.0782832478	-0.0138369098	0.0013818945000000002	0.0428661236	-0.013592922	-0.034180495400000004	-0.0310116932	0.0219172477	0.049347260700000006	-0.059570073099999996	0.050882923	-0.037330341	0.020208226699999998	0.0	0.0372297	0.125899	-0.0178674	-0.0009448560000000002	-0.00169194	0.000878402
0.14197579562119828	0.5281772061381976	1.25576544	20.77914429	0.9677819	0.05100535	-0.0118314272	0.0659023067	-0.0421126721	-0.0737435726	-0.024159485499999998	0.012254478999999999	-0.0237575355	-0.062198259000000006	-0.045934777999999996	-0.0114689579	0.015389830600000001	-0.0675032919	-0.059686450999999995	0.0513266115	-0.0382498728	0.0216579829	0.0	0.0295309	0.125901	-0.00260485	-0.00108742	-0.00191044	0.000678626
0.2051392378091311	0.5109887612652059	1.51607001	25.08640289	1.05240393	0.04016039999999997	-0.062330215	-0.0457898779	-0.039274651800000004	0.0435129044	0.0175564989	0.01712796	-0.0457407128	0.0626135622	-0.0479215257	-0.0340923206	-0.0181879342	0.0336990391	-0.0598005729	0.0517625401	-0.0391563933	0.0230946421	0.0	0.0371553	0.125903	-0.0104764	-0.00129752	-0.00174293	0.000562987
0.2832043511365191	0.5888147633747459	1.53458667	25.39279747	1.03308082	0.06794294999999997	0.0551842637	-0.0139987502	-0.0361809083	-0.0002648793	-0.0185101495	-0.0461331036	0.058707642000000004	0.0098858009	-0.0406705814	-0.0216925933	-0.0266973099	-0.0004703499	-0.0599124346	0.0521906429	-0.040049594300000005	0.0245173354	0.0	0.0295462	0.103649	-0.0253833	-0.0011134	-0.00166558	0.000764976
0.33665331564029594	0.40515258950054295	1.40222299	23.20257759	0.94253111	0.03348979999999997	0.0141096965	0.047685405599999994	-0.021387413799999998	-0.0184877027	0.07014197679999999	0.0289698815	0.0027280640999999997	-0.049782895099999995	-0.0451995878	-0.0162907828	-0.036017001800000004	-0.0167193129	-0.0600220318	0.0526108551	-0.040929171800000004	0.0259252026	0.0	0.0312417	0.125902	-0.0254249	-0.0009448560000000002	-0.00168052	0.000771486
0.29163768485161745	0.416669845277431	1.36662066	22.61346626	1.00524354	0.07568755	-0.0667075303	-0.0175721693	-0.0231897393	0.0450228213	-0.0254437756	-0.0498732992	-0.0624718304	0.0368803898	-0.042928126100000005	-0.0042844587	-0.0205845664	0.0479731969	-0.060129360300000004	0.053023113399999995	-0.0417948267	0.027317392200000002	0.0	0.0372337	0.149528	-0.007711	-0.00116879	-0.00192569	0.0008694949999999998
0.3586378085896198	0.4977031273653402	1.58054256	26.15323067	1.03241849	0.07374215	0.0439343263	-0.04364858889999999	-0.0194859999	-0.0138344951	-0.027025706099999998	-0.007937867900000001	0.0546465453	0.0392685234	-0.0456438299	-0.0032148138000000002	-0.007046719399999999	0.0036984781	-0.0602344161	0.0534273552	-0.0426462645	0.0286930623	0.0	0.0373098	0.152643	0.0132608	-0.00178591	-0.00212676	0.00104289
0.111091432154528	0.4288201690436539	1.29151654	21.370718	1.00672615	0.09191110000000001	0.034285295800000004	0.039576638399999996	-0.0090230582	0.028844115899999998	0.0737235018	0.0098845082	0.0280960036	-0.045154661299999996	-0.0267435373	-0.010627038899999998	-0.0488716701	0.026939510099999998	-0.0603371952	0.0538235196	-0.043483195700000005	0.0300513812	0.0	0.0372671	0.124307	-0.0186901	-0.00137462	-0.00201412	0.00093519
-0.02902018752576493	0.20321943563868786	1.41662693	23.44091988	1.01136208	0.03316829999999999	-0.0595409638	0.0258305304	-0.0171462536	-0.0019653713	-0.0718006991	-0.0353463494	-0.0682065736	-0.011390935900000001	-0.0288761994	-0.0207586263	0.018542859	-0.0082306961	-0.0604376938	0.0542115466	-0.0443053354	0.031391527200000005	0.0	0.0372442	0.107266	-0.0187322	-0.00112172	-0.00196084	0.000950256
-0.11671506387308847	0.3750861613494384	1.71686542	28.40896416	1.0410502	0.03912545	0.026342791600000002	-0.0611541686	-0.0166709032	-0.0711451208	0.0245127625	0.013165409599999999	0.0334659461	0.0469314673	-0.0175291073	-0.0325472439	0.0049163324	-0.0815871384	-0.060535908	0.0545913776	-0.045112404	0.0327126902	0.0	0.0324152	0.130869	-0.0187792	-0.0009178770000000002	-0.0019636	0.000956582
0.1737180465949882	0.4329152100560406	1.3198868	21.84016037	0.99290633	0.08773456999999998	0.0379684992	0.0279383617	-0.0342082289	0.0820972898	0.0323989217	0.044186636900000006	0.0385457434	-0.030980111499999997	-0.0393255081	-0.0208273011	0.025075056600000003	0.058915379500000004	-0.060631834100000004	0.054962955099999995	-0.045904127	0.034014071	0.0	0.0372851	0.149269	0.00792552	-0.00156227	-0.00188762	0.000991408
-0.0622415515607947	0.35199328669218866	1.31858838	21.81867599	0.97909236	0.04106168999999999	-0.0372044219	0.054373070499999995	-0.041562401299999996	-0.057940564400000005	-0.0568086467	-0.0398567191	-0.0518451968	-0.0379772167	-0.0295684965	-0.0319036398	0.0288289217	-0.0629231131	-0.0607254685	0.0553262229	-0.046680235099999995	0.035294882799999996	0.0	0.0372955	0.129426	0.00517833	-0.00122353	-0.00188762	0.00102189
-0.18415195396890924	0.3498468424230385	1.6990391	28.11399269	1.04939198	0.04360594000000001	-0.010292432399999999	-0.0711482562	-0.0568361854	-0.0176456886	0.014139783799999998	0.0250092454	0.0060865974	0.0739667585	-0.016492821	-0.0536675883	0.0300635836	-0.0326124966	-0.060816807699999996	0.0556811262	-0.0474404643	0.0365543509	0.0	0.0373123	0.106076	-0.00218081	-0.00110676	-0.00202464	0.0010257
-0.1844932647917946	0.4099108447474419	1.43775034	23.79044724	1.01369202	0.053377689999999985	0.0420321952	0.0193698157	-0.051338952800000004	0.0721712386	0.0100091988	-0.0144957325	0.049239948799999995	-0.024226880099999997	-0.013852749099999999	-0.0519454534	0.027126311200000003	0.0388722484	-0.0609058482	0.0560276113	-0.048184555899999995	0.0377917138	0.0	0.0373205	0.12753	-0.0187088	-0.00124009	-0.00188762	0.0010631
-0.01917433966071519	0.2945381130656336	1.46222687	24.19546127	1.04333806	0.0559583	-0.0508105896	0.0424842488	-0.061909627300000006	-0.0463468753	-0.058680234000000005	-0.014279038300000001	-0.061880471900000004	-0.0320637613	-0.044327514900000003	-0.0360923429	0.0597918708	-0.0318849478	-0.0609925867	0.056365625700000005	-0.048912256900000006	0.039006223199999995	0.0	0.0373053	0.14278	0.0171326	-0.00126665	-0.00188762	0.000992626
-0.1180032658654282	0.33175775452394896	1.7846607	29.53077126	1.06037903	0.0403429	0.0336275007	-0.0504118725	-0.05162034980000001	-0.056521986600000004	0.0160779247	0.026941351800000003	0.039763046600000004	0.050309676100000006	-0.0236747708	-0.0285253132	0.0306548048	-0.060681639100000004	-0.06107701980000001	0.0566951184	-0.049623319699999995	0.0401971447	0.0	0.0429325	0.13665	0.0227036	-0.00137284	-0.00202971	0.0012046400000000003
-0.02222035714160417	0.19641684806624335	1.36265659	22.54787254	1.001706	0.07922794099999998	0.030083996499999998	0.048524487000000005	-0.029678118	0.029646690299999997	0.0781171873	0.0188024672	0.0199401727	-0.048883553899999994	-0.006627740500000001	-0.0316005456	0.012302765600000001	0.003958548	-0.061159144400000004	0.0570160396	-0.050317502400000005	0.0413637581	0.0	0.0373454	0.106398	0.000744759	-0.00111985	-0.00212081	0.0011201300000000002
-0.2616713355071534	-0.03596530291450317	1.44470966	23.90560341	1.02843368	0.050372249999999966	-0.0651949864	-0.0186569747	-0.0281428165	0.0391781458	-0.0519710827	-0.0522244229	-0.0641919469	0.029465119799999998	-0.0025026555	-0.047240846399999994	0.06177441400000001	0.046923152999999995	-0.0612389574	0.0573283408	-0.050994569000000003	0.0425053579	0.0	0.0346232	0.13241000000000003	0.000715709	-0.00100919	-0.00188762	0.0010318
-0.3104545875773858	0.06019771267480245	1.56412995	25.88165092	1.06885624	0.080928891	0.0586874658	-0.0257272191	-0.012550142700000001	-0.0208963644	-0.02466961	-0.005186132	0.0627128084	0.0119328686	-0.0105218932	-0.0211246579	0.090160955	-0.0104052583	-0.0613164557	0.0576319747	-0.051654289000000006	0.0436212537	0.0	0.037338	0.153531	0.0199243	-0.00150527	-0.0020882	0.00109283
-0.01946132160293146	0.054368442602968026	1.40094233	23.18138504	0.99446982	0.05147479999999999	0.0129938146	0.0600011866	-0.0059725398	-0.0560788583	0.0385148929	0.0413481395	0.0012972071000000001	-0.0637407638	-0.0128334349	-0.0030661737	0.0354851758	-0.04291579	-0.061391636500000006	0.0579268955	-0.0522964382	0.0447107708	0.0	0.0374876	0.144936	0.0158911	-0.00128863	-0.00228354	0.00145479
-0.22261729250835485	-0.12085935887764065	1.48312318	24.54123306	1.06010222	0.11099322200000004	-0.0713174642	-0.0345001688	-0.003541032	0.027221163599999997	-0.0612319594	-0.0043175326	-0.0638881639	0.0424257614	0.0008228379	-0.0179194236	0.0812538591	0.0486473675	-0.0614644968	0.058213058399999996	-0.052920797900000004	0.045773250300000005	0.0	0.0373482	0.104716	0.000733778	-0.00100119	-0.00188762	0.00102862
-0.0071836329746205185	0.2258031477679677	1.55401993	25.71436119	1.0385406	0.047082221999999986	0.054281550199999994	-0.0166978169	-0.0127340144	-0.022618099500000002	-0.023606347200000002	-0.0036206039000000003	0.0556876742	0.0071262784999999995	-0.010847498300000001	-0.023645407799999997	0.0665531184	-0.03795403	-0.061535034	0.0584904204	-0.053527156	0.0468080497	0.0	0.0373765	0.131543	0.0048117	-0.00122033	-0.00188762	0.00113246
0.107775010134816	0.4172303976284858	1.34498692	22.25549126	0.99840474	0.06603110000000001	0.012403581200000001	0.0526047234	-0.0318488952	-0.0150090248	0.0226594837	0.0911443642	0.0099801837	-0.0559910796	-0.0391984339	-0.0153909128	0.0522537196	0.007855686	-0.061603245300000005	0.0587589394	-0.054115305999999995	0.047814543200000004	0.0	0.0395725	0.136642	0.0222498	-0.00150527	-0.0023248	0.00102862
0.06084871193481443	0.6175781830680835	1.34571815	22.26759148	1.03979027	0.013896099999999988	-0.0628287862	-0.0042967348	-0.0687073493	0.0260561783	-0.0851981528	-0.0247713731	-0.0632181223	0.0237694727	-0.0561776768	-0.0367997229	0.0594303791	0.0333965662	-0.061669128200000006	0.0590185749	-0.0546850479	0.048792122199999996	0.0	0.0401826	0.136639	0.0273073	-0.00150527	-0.0024351	0.00108283
0.32750207015727484	0.8194822494960629	1.64863765	27.27999878	1.09631407	0.07976871399999999	0.0417330493	-0.0448893893	-0.09008813869999999	-0.0257501723	0.0120696525	0.0027778348999999997	0.0490435965	0.0381744917	-0.0571755088	-0.0632867759	-0.0081492476	-0.030336214500000003	-0.061732680199999994	0.0592692876	-0.055236188	0.0497401955	0.0	0.0373933	0.112904	0.000733386	-0.00114389	-0.00231728	0.00102862
0.2895075666051519	1.0029006594486078	1.28073251	21.19227409	0.96682906	0.008678607999999989	0.0351303342	0.0437929788	-0.1051545966	0.049301947900000004	0.0490634795	0.0201954444	0.0350348673	-0.0437652496	-0.0612763518	-0.0650703014	-0.0050011083	0.0452704696	-0.0617938989	0.0595110395	-0.0557685387	0.0506581898	0.0	0.0373899	0.12083	0.000720178	-0.00115011	-0.00232578	0.00102862
0.3833030742861648	0.9502055380586142	1.39257002	23.04284859	1.00809288	0.03596537200000002	-0.0541500207	0.0373681155	-0.1275561795	-0.0040634499	-0.0848166382	-0.0541326186	-0.0632794841	-0.018055728400000002	-0.0816344129	-0.0494645731	-0.0094498211	0.005335591999999999	-0.061852782	0.0597437942	-0.05628191900000001	0.0515455499	0.0	0.0373525	0.136695	0.000631506	-0.0008548279999999998	-0.00227206	0.000978136
0.22168301783873665	0.9646442433929504	1.88593864	31.20661736	1.07912493	0.06772989399999997	0.0201835229	-0.0635249548	-0.1155924514	-0.0655889095	0.062048506600000004	0.0103235051	0.0314330253	0.05998316769999999	-0.062307638	-0.045056964299999995	-0.0425870967	-0.0499221382	-0.061909327300000004	0.059967516500000005	-0.0567761542	0.0524017393	0.0	0.0373815	0.160461	0.0197596	-0.00128533	-0.00225691	0.00102862
0.36986732316856175	0.7481925981437502	1.29607856	21.44620514	1.01349068	0.05244991700000001	0.052255664199999996	0.02738672	-0.0946580665	0.0476364461	0.0667234229	-0.022964017599999997	0.0474187283	-0.026726037799999998	-0.055245189699999996	-0.0254442356	-0.0769189619	0.0372092606	-0.0619635325	0.0601821725	-0.0572510763	0.0532262402	0.0	0.0373962	0.136625	0.000791383	-0.00139157	-0.00234329	0.00102862
-0.07758550873425618	0.3215184050191039	1.3917582	23.02941704	1.01714396	0.056784219	-0.013993856399999999	0.0711150139	-0.0769449796	-0.0764227176	0.0318281677	-0.0475046985	-0.0325364669	-0.06558469559999999	-0.0271544974	-0.0649017693	-0.051390902999999995	-0.0508215299	-0.0620153957	0.060387729800000005	-0.057706523499999995	0.054018554	0.0	0.0373914	0.10629	0.000656864	-0.000932142	-0.00241006	0.00102862
0.2747639685831661	0.4339838132333461	1.532583	25.35964394	1.07092905	0.07361806399999998	-0.0593208634	-0.045170521500000005	-0.07078218019999999	0.040345742999999996	0.0361040877	-0.025326834	-0.0431905331	0.057808590300000004	-0.025484745099999997	-0.0422563086	-0.0802266823	0.0474286633	-0.062064915	0.060584157300000004	-0.0581423411	0.0547782016	0.0	0.0373588	0.136645	-0.0195152	-0.00115111	-0.00216786	0.00102862
0.10163386748649604	0.5043413430147015	1.50062335	24.83080673	1.03164458	0.016701999999999977	0.057456817699999996	-0.0202626497	-0.0408174221	-0.0068906852	0.0024348703	-0.0795636389	0.0526820573	0.0109190381	-0.018179318	-0.032061988199999995	-0.0502397463	-0.0043468664	-0.0621120884	0.0607714253	-0.058558380800000004	0.0555047235	0.0	0.0373797	0.13663800000000004	-0.0194876	-0.00128533	-0.00236657	0.00102862
0.14983425163034034	0.26820344175248423	1.41366315	23.39187813	0.99712497	0.07027570999999998	0.0187903393	0.0534028957	-0.0134626626	-0.049056480199999995	0.0718456167	0.024262057000000004	0.0070439911	-0.061841813200000005	-0.032205933900000004	-0.0105366813	-0.0296671521	-0.025792344900000003	-0.0621569141	0.0609495054	-0.058954501	0.0561976805	0.0	0.0374494	0.158152	0.00360341	-0.00141768	-0.00258457	0.0011902900000000003
0.0015811937019871716	0.1605190734460128	1.46410203	24.22649002	1.04551578	0.056055290000000015	-0.0741553353	-0.026002344700000003	-0.002598408	0.0376741215	-0.0114308022	-0.0356436939	-0.0676728429	0.0402117404	-0.011938276299999998	-0.012441676200000001	-0.014300221299999999	0.0395336742	-0.0621993905	0.061118370899999996	-0.0593305671	0.05685665349999999	0.0	0.0373697	0.134541	0.0117355	-0.001435	-0.00227891	0.00102862
-0.07551676820512249	0.2818767974198223	1.74527299	28.87902451	1.06273508	0.05028183000000001	0.055545140599999994	-0.035922081200000004	-0.0069541539	-0.03101878	0.006585754399999999	-0.066452178	0.053114135199999996	0.017275053999999998	0.003419153	-0.0216286537	-0.0193715304	-0.053580159599999996	-0.0622395159	0.0612779961	-0.059686450999999995	0.0574812441	0.0	0.0374414	0.11477	0.00873837	-0.00117274	-0.00235008	0.00124403
-0.0901151876671932	0.08670065885774059	1.52189624	25.18280983	0.97411126	0.04961147	0.0181546979	0.05065536650000001	0.004280853	-0.0201153966	0.0758185252	0.0193944233	0.0102846402	-0.05544081519999999	0.0055111593	-0.0259005228	0.0032905264000000004	-0.0014862688	-0.0622772889	0.0614283569	-0.0600220318	0.058071074400000006	0.0	0.0374268	0.134546	-0.012564	-0.00116695	-0.00247687	0.00120624
-0.17140280582634074	-0.047193772433049896	1.43600965	23.76164436	1.03191471	0.051103700000000016	-0.0705869315	-0.019054791	0.0140197974	0.0645215583	-0.0140709783	-0.0367506945	-0.06911683589999999	0.0294419674	0.0071207001	-0.009222433	0.0427966442	0.0696472645	-0.062312708	0.0615694305	-0.0603371952	0.058625787900000004	0.0	0.0405797	0.145328	0.0112173	-0.00136895	-0.00253994	0.00120356
0.04776010817362997	-0.004210023824606668	1.65965545	27.46231079	1.0615654	0.049073799999999966	0.0523755155	-0.0383893469	0.021178954700000002	-0.0079241528	-0.0425661871	-0.0167408552	0.055347975	0.0344617247	0.0017917338	0.0005455977	0.050139763	-0.0154839688	-0.0623457718	0.0617011957	-0.060631834100000004	0.059145049000000005	0.0	0.0407727	0.149235	0.0285156	-0.00171456	-0.0025984	0.001353
-0.01851073840050729	-0.06800084192256939	1.36174202	22.53273773	0.99196249	0.03425890000000002	0.0248084334	0.0374910504	0.0230214541	0.0314279166	0.051950823300000004	0.0397517885	0.021446031299999998	-0.0505023855	0.012353608799999999	0.0017825114000000002	0.0179800239	0.035184073999999996	-0.0623764792	0.0618236326	-0.0609058482	0.059628543799999996	0.0	0.0407007	0.13446300000000003	0.0173837	-0.00171456	-0.0026025	0.00151456
-0.1055226854325276	-0.15558850955458325	1.37064683	22.68008614	1.03415024	0.07511212999999999	-0.06167878139999999	0.021366952999999998	0.0031880076000000003	0.008507125899999999	-0.0872661889	-0.035110236499999996	-0.0676911234	-0.0114071847	0.0109991831	-0.0165346527	0.059991322199999995	-0.0029647866	-0.062404828899999994	0.0619367225	-0.061159144400000004	0.0600759799	0.0	0.0404227	0.10949	0.00956757	-0.00120155	-0.00266707	0.00125124
-0.1474075840757554	-0.009490667713605629	1.66980827	27.63031006	1.04210556	0.022074729999999997	0.0255721962	-0.0640166083	-0.0084290992	-0.0635844033	0.0261093704	0.0089725576	0.035827164700000004	0.057313050899999995	0.0099398884	-0.025791249500000002	0.0357360024	-0.0730318967	-0.06243082	0.0620404485	-0.061391636500000006	0.060487086600000003	0.0	0.0374483	0.111996	0.0147914	-0.00111462	-0.00253218	0.00125683
-0.10332779591611564	0.06117979469295609	1.34141564	22.19639778	1.00783849	0.03121259499999999	0.036275713	0.0315850173	-0.0100177051	0.0794151565	0.0454791358	0.014526320700000001	0.041477292	-0.043487436500000004	0.004771692	-0.036677121800000004	0.0532787611	0.0555761695	-0.0624544513	0.062134794800000004	-0.061603245300000005	0.0608616155	0.0	0.0374486	0.121831	0.000240105	-0.00115426	-0.00259131	0.0012190800000000004
0.25631904970902464	0.029584155391137238	1.37654757	22.77772522	1.01950777	0.070538795	-0.0414143153	0.0521802757	-0.0272194801	-0.034632877400000005	-0.060244842199999996	-0.0299279195	-0.0580485501	-0.045207048799999996	-0.0171315202	-0.025459090099999998	0.030367800099999998	-0.047122568	-0.062475722000000004	0.0622197471	-0.0617938989	0.06119934	0.0	0.0414853	0.152149	0.0237602	-0.00132985	-0.00253405	0.00119865
0.2161683311261358	0.11062526079404833	1.7816385	29.48076439	1.04692101	0.0565394	-0.0164850501	-0.0695739208	-0.039409986800000005	-0.0072714784	0.0229320315	0.0427628096	0.0028248047999999996	0.0763387031	-0.01917482	-0.0137276198	0.0016381415	-0.0227565721	-0.06249463139999999	0.0622952927	-0.0619635325	0.061500055899999996	0.0	0.0375185	0.15537	0.0406458	-0.00158439	-0.00275728	0.0013702
0.2777433871525961	0.0868152175043565	1.35556674	22.43055534	0.97997081	0.04537630000000001	0.050893781299999996	-0.0009150855999999999	-0.028865381000000002	0.036456783900000005	0.0046997016999999995	-0.0068145709	0.0481722304	-0.0103204451	-0.0156691568	-0.0036293359000000003	-0.0100088873	0.0338534218	-0.06251117860000001	0.062361420099999995	-0.0621120884	0.061763581399999996	0.0	0.0374996	0.13451900000000003	0.0293029	-0.00143498	-0.00273469	0.00127893
0.31992785462623263	0.05498487873712865	1.29185224	21.3762722	0.93360686	0.04287720000000001	0.0136791368	0.0537668089	-0.0279291601	-0.0401196833	0.0388855506	0.0368765557	-0.0003275786	-0.058687162300000005	-0.0167653231	-0.0111642724	-0.025630092200000003	-0.026406337000000002	-0.0625253631	0.0624181193	-0.0622395159	0.061989757	0.0	0.0374631	0.112519	0.0259317	-0.0012265	-0.00263228	0.00124043
0.18050683762518185	0.1263502192064926	1.41030431	23.33629799	1.01858497	0.028920599999999973	-0.0667377553	-0.016258243999999998	-0.0369469682	0.0480712067	-0.050535111699999996	-0.0368875028	-0.0710491375	0.0326789334	-0.0194331146	-0.0371035143	-0.0043561756	0.058414901799999995	-0.0625371844	0.0624653818	-0.0623457718	0.062178446	0.0	0.0374311	0.109269	0.0139451	-0.00103222	-0.00261326	0.00118069
0.2352372537666393	0.30079975666862424	1.68360925	27.8586731	1.04573572	0.035892690000000005	0.0484155945	-0.038427494300000004	-0.0421667578	-0.047308721100000006	0.010454998100000001	-0.0104062084	0.0571899546	0.0348567512	-0.0214558261	-0.038958523700000004	-0.0250474446	-0.0389381261	-0.0625466419	0.0625032003	-0.06243082	0.062329534400000004	0.0	0.0374265	0.122586	0.00480821	-0.000949436	-0.00243468	0.00118801
0.4325157362074518	0.366828198901808	1.32127607	21.86314964	0.98282796	0.09139089	0.0299406875	0.0424203562	-0.0427864592	0.0465275349	0.06577811509999999	0.0247115962	0.0311177383	-0.042557241399999994	-0.035002792000000005	-0.0008987183000000001	-0.0409890895	0.04633688	-0.0625537354	0.0625315692	-0.06249463139999999	0.062442930599999995	0.0	0.041434	0.167182	0.018002899999999995	-0.0013736000000000004	-0.00257767	0.00116331
0.2303803225943781	0.157441566418287	1.32356024	21.90094566	1.00396705	0.0536817	-0.042703179	0.0238374476	-0.0526206175	0.0135690469	-0.0330096061	-0.0566462664	-0.051219534500000004	-0.013669304399999999	-0.0253053229	-0.0277660915	-0.0342880654	0.041726636	-0.06255846450000001	0.0625504842	-0.0625371844	0.0625185663	0.0	0.0374222	0.158161	0.0291983	-0.00108642	-0.00274487	0.00102862
-0.26059582480822296	-0.3839193594934088	1.59906971	26.45979881	1.13737762	0.0997943	-0.0164851119	-0.052112965	-0.0350154877	-0.0177273618	0.0354556788	-0.0093159717	-0.0066479334	0.0472796889	0.0293147486	-0.0794293341	-0.012667548	0.0153654816	-0.0625608291	0.0625599424	-0.06255846450000001	0.0625563955	0.0	0.0439745	0.0881114	0.0334802	-0.00097302	-0.00272145	0.00127001
